0: 1139 1139 1145
1: 1147 1155 1164 1163
2: 1169 1161 1163 1154
3: 1175
4: 1220 1229 1203
5: 1225 1238 1249 1295
6: 1310 1321 1333 1343
7: 1358 1371 1386 1403
8: 1419 1434 1453
9:
10:
11: 883
12: 1147 1129
13: 1114 1103 1088 1075
14: 1062 1051 1039 1028
15: 1006 1000 984 977
16: 993 1013 1054
17: 4858
18: 4562 4585 4558
19:
20:
21: 4832 4823 4854 4925
22: 4806 4907 4916 4743
23: 3411
24: 3491 3400 3567
25:
26:
27: 3875 3527
28: 1381 1084 1043
29: 997 892 896
30: 911 921 925 935
31: 951 961
32: 1002 1009 1012 1024
33: 997 1014 1032 1038
34: 1060 1078 1107 1128
35: 1279 1305 1312 1183
36: 1169 1220 1310 1368
37: 1816 1864 1576 1562
38: 1551 1540 1522 1514
39: 1502 1488 1477 1476
40: 1464 1455 1450 1445
41: 1438 1432 1427 1422
42: 1415 1415 1408 1406
43: 1404 1397 1399 1399
44: 1377 1396 1391 1396
45: 1367 1415 1836 2175
46: 2189 2149 2181
47: 2188 2194 2164 2197
48: 2205 2011 2123 2262
49: 2285 2034 1984 1956
50: 1933 1902 2044
51: 1030 1042 1071 2039
52: 810 770
53: 739 721 702 682
54: 662 425
55: 423 422 422 422
56: 423 421 421 422
57: 423 424 424 425
58: 426 426 428 430
59:
60: 446 448
61: 451 454 458 461
62: 464 469
63:
64: 1015 1083
65: 1081 1091
66:
67: 1272
68: 764 968
69: 377 380 381 382
70: 384 385 387 389
71: 391 394 396 399
72: 402 405 409 412
73: 416 419 424 428
74: 432 437 442 448
75: 453 459 465 2814
76: 2666 2614 2535 2432
77: 2452 2409 2358 2305
78: 2279 2223 2145
79: 2093 2057 2033 2081
80: 1992 1948 1923 1900
81: 1873 1853 1826 1813
82: 1792 1770 1759 1723
83: 1753 1706 1703 1687
84: 1673 1663 1651 1640
85: 1632 1624 1615 1603
86: 1598 1593 1581 1165
87: 1160 1157 1156 1154
88: 1151 1147 1143
89: 1146 1141 1151 1154
0: 1140 1143 1144 1148
1: 1149 1159 1165 1163
2: 1169 1156 1159 1166
3: 1175
4: 1203 1249 1235
5: 1237 1234 1239 1292
6: 1310 1320 1333 1345
7: 1353 1370 1383 1403
8: 1420 1436 1452
9:
10:
11: 882
12: 1147 1129
13: 1113 1102 1088 1074
14: 1062 1050 1040 1029
15: 1006 1001 984 977
16: 990 996 1013 1059
17: 4697
18: 4677 4755 4885
19:
20:
21: 4505 4815 4685 4836
22: 4709 4970 4832 4452
23: 3462
24: 3258 3426 3473
25:
26:
27: 3870 3546
28: 1388 1086 1043 844
29: 1000 892 896
30: 911 918 925 935
31: 950 962
32: 1002 1011 1018 1027
33: 999 1018 1030 1038
34: 1058 1084 1105 1128
35: 1276 1305 1303 1179
36: 1217 1314 1357
37: 1805 1870 1574 1565
38: 1550 1538 1525 1514
39: 1500 1485 1478 1470
40: 1461 1454 1451 1444
41: 1438 1431 1428 1421
42: 1417 1414 1408
43: 1403 1399 1397 1395
44: 1377 1395 1391 1399
45: 1365 1417 1836 2178
46: 2193 2161 2192
47: 2205 2166 2155 2212
48: 2207 1996 2132 2261
49: 2285 2036 1985 1954
50: 1932 1906 2042
51: 1030 1041 1069 2037
52: 814 773
53: 744 723 703 683
54: 662 424
55: 423 422 422 422
56: 423 421 422 422
57: 423 424 424 425
58: 426 427 428 430
59:
60: 446 448
61: 451 454 458 461
62: 464 469
63:
64: 1015 1082
65: 1081 1089
66:
67: 1276
68: 761 966 376
69: 378 379 381 382
70: 384 385 387 389
71: 391 394 396 399
72: 402 405 409 412
73: 416 419 424 427
74: 432 437 442 448
75: 453 458 465 2769
76: 2667 2614 2556 2395
77: 2438 2396 2353 2316
78: 2272 2230 2127
79: 2093 2060 2031 2079
80: 1990 1949 1923 1896
81: 1877 1848 1828 1802
82: 1793 1777 1764 1733
83: 1755 1711 1699 1687
84: 1671 1659 1653 1639
85: 1632 1623 1611 1607
86: 1598 1594 1584 1150
87: 1160 1158 1155 1154
88: 1148 1143 1145
89: 1142 1139 1152 1153
0: 1141 1142 1148 1148
1: 1147 1160 1172 1166
2: 1164 1156 1163 1170
3: 1171
4: 1216 1211 1213
5: 1226 1239 1237 1293
6: 1311 1321 1333 1345
7: 1358 1372 1386 1399
8: 1420 1439 1453
9:
10:
11: 883
12: 1149 1130
13: 1113 1102 1087 1074
14: 1062 1050 1040 1029
15: 1006 1001 984 977
16: 992 992 1013 1056
17: 4793
18: 4613 4665 4543
19:
20:
21: 4747 4863 4718 4810
22: 4867 4798 4841 4640
23: 3466
24: 3390 3428 3548
25:
26:
27: 3853 3584
28: 1391 1087 1044
29: 1000 892 896
30: 911 919 925 936
31: 949 960
32: 1002 1009 1017 1028
33: 998 1016 1032 1037
34: 1058 1084 1105 1128
35: 1276 1297 1319 1189
36: 1162 1221 1315 1368
37: 1810 1864 1583 1563
38: 1552 1542 1526 1512
39: 1500 1484 1478 1474
40: 1464 1457 1449 1444
41: 1439 1431 1425 1421
42: 1417 1413 1408
43: 1402 1399 1398 1398
44: 1378 1395 1390 1399
45: 1363 1419 1834 2171
46: 2191 2146 2195
47: 2191 2176 2165 2218
48: 2201 1996 2128 2262
49: 2277 2041 1985 1948
50: 1937 1907 2039
51: 1029 1039 1068 2042
52: 899 818 775
53: 744 722 704 684
54: 664 425
55: 423 422 422 422
56: 423 421 421 422
57: 423 423 424 425
58: 425 426 428 430
59:
60: 445 447
61: 451 454 458 460
62: 464 468
63: 482
64: 1018 1081
65: 1081 1089
66:
67: 1272
68: 765 969 376
69: 378 379 381 382
70: 383 385 387 389
71: 392 394 396 399
72: 402 405 409 412
73: 416 419 424 428
74: 432 437 442 448
75: 453 459 465 2811
76: 2601 2600 2559 2413
77: 2453 2390 2350 2307
78: 2291 2234 2198 2157
79: 2093 2061 2031 2075
80: 1991 1949 1921 1897
81: 1871 1851 1836 1806
82: 1792 1772 1750 1727
83: 1752 1713 1705 1687
84: 1672 1664 1651 1640
85: 1631 1625 1613 1607
86: 1602 1588 1585 1160
87: 1162 1162 1156 1147
88: 1153 1150 1142
89: 1149 1140 1148 1154
0: 1140 1143 1151 1148
1: 1155 1175 1166 1161
2: 1167 1158 1162 1170
3: 1177
4: 1210 1217 1227
5: 1252 1234 1239 1291
6: 1310 1321 1329 1345
7: 1357 1369 1385 1396
8: 1419 1437 1454
9:
10:
11: 883
12: 1150 1131
13: 1113 1101 1087 1074
14: 1062 1051 1040 1028
15: 1006 998 986 978
16: 991 1013 1054
17: 4617
18: 4508 4456 4527
19:
20:
21: 4597 4609 4593 4854
22: 4832 4863 4701 4516
23: 3442
24: 3511 3581 3527
25:
26:
27: 3812 3657
28: 1377 1086 1045
29: 998 891 894
30: 911 918 923 935
31: 951 961
32: 1002 1007 1016 1026
33: 998 1017 1029 1040
34: 1054 1079 1106 1128
35: 1274 1305 1310 1179
36: 1219 1308 1369
37: 1808 1869 1573 1566
38: 1549 1541 1526 1511
39: 1500 1487 1475 1475
40: 1465 1453 1451 1444
41: 1439 1432 1427 1423
42: 1417 1412 1408 1404
43: 1403 1399 1397 1399
44: 1386 1395 1391 1397
45: 1364 1419 1835 2166
46: 2195 2155 2194
47: 2204 2182 2151 2206
48: 2205 2000 2120 2261
49: 2287 2037 1990 1952
50: 1929 1902 2043
51: 1030 1041 1071 2047
52: 814 774
53: 744 721 702 684
54: 664 425
55: 423 422 422 422
56: 423 421 421 422
57: 422 422 423 425
58: 425 427 428 430
59:
60: 446 448
61: 450 454 457 460
62: 465 468
63: 487
64: 1016 1081
65: 1081 1090
66:
67: 1265
68: 765 376
69: 378 380 381 382
70: 383 385 387 389
71: 392 394 396 399
72: 402 405 409 412
73: 416 419 424 428
74: 432 437 442 448
75: 453 458 465 2746
76: 2662 2600 2552 2408
77: 2455 2407 2345 2323
78: 2243 2222 2152
79: 2092 2061 2031 2062
80: 1990 1943 1923 1900
81: 1872 1841 1837 1808
82: 1791 1772 1755 1732
83: 1749 1718 1703 1687
84: 1673 1663 1642
85: 1635 1625 1616 1607
86: 1598 1593 1585 1159
87: 1161 1160 1150
88: 1145 1148 1142
89: 1141 1139 1150 1153
0: 1140 1143 1151 1148
1: 1148 1174 1159 1160
2: 1167 1159 1157 1178
3: 1178 1196
4: 1211 1232
5: 1228 1243 1249 1293
6: 1310 1321 1334 1346
7: 1358 1372 1385 1400
8: 1418 1433 1457
9:
10:
11: 883
12: 1150 1131
13: 1113 1101 1087 1075
14: 1063 1050 1039 1028
15: 1005 999 984 977
16: 996 1013 1056
17: 5007
18: 4768 4621 4636
19:
20:
21: 4508 4685 4793 4889
22: 4743 4768 4957 4609
23: 3470
24: 3530 3435 3437
25:
26:
27: 3870
28: 1379 1085 1046
29: 1000 892 895
30: 910 919 925 936
31: 950 962
32: 1005 1008 1016 1025
33: 997 1016 1032 1038
34: 1059 1082 1108 1128
35: 1274 1304 1315 1178
36: 1179 1213 1295 1373
37: 1810 1868 1581 1567
38: 1551 1539 1526 1515
39: 1496 1483 1479 1474
40: 1463 1455 1448 1441
41: 1437 1431 1428 1421
42: 1417 1414 1406
43: 1403 1398 1398 1396
44: 1382 1393 1391 1397
45: 1367 1423 1837 2176
46: 2189 2146 2198
47: 2179 2182 2158 2201
48: 2202 1999 2125 2250
49: 2285 2039 1990 1951
50: 1931 1906 2040
51: 1030 1042 1070 2042
52: 893 817 775
53: 744 723 703 684
54: 665 424
55: 424 422 422 422
56: 423 421 421 422
57: 422 422 423 425
58: 425 427 428 430
59:
60: 446 448
61: 449 454 457 460
62: 464 468
63: 486
64: 1014 1084
65: 1081 1090
66:
67: 1267
68: 766 376
69: 378 379 381 382
70: 383 385 387 389
71: 392 394 396 399
72: 402 405 408 412
73: 416 419 423 428
74: 433 437 442 448
75: 453 459 465 2745
76: 2669 2608 2547 2396
77: 2439 2401 2352 2330
78: 2271 2235 2181 2174
79: 2096 2062 2029 2076
80: 1991 1946 1920 1898
81: 1873 1845 1831 1813
82: 1794 1765 1755 1738
83: 1750 1708 1701 1687
84: 1670 1659 1653 1640
85: 1632 1623 1613 1609
86: 1598 1596 1585 1168
87: 1160 1158 1157 1156
88: 1147 1146 1141
89: 1147 1139 1148 1152
0: 1140 1145 1144 1144
1: 1145 1159 1160 1159
2: 1161 1157 1161 1179
3: 1173
4: 1225 1210 1246
5: 1235 1233 1248 1296
6: 1310 1321 1333 1345
7: 1355 1373 1388 1401
8: 1418 1434 1449
9:
10:
11: 884
12: 1147 1130
13: 1115 1101 1088 1074
14: 1063 1050 1040 1028
15: 1005 999 984 976
16: 992 993 1013 1058
17: 5132
18: 4613 4625 4841
19:
20:
21: 4512 4802 4793 4863
22: 4776 4781 4841 4609
23: 3479
24: 3495 3493
25:
26:
27: 3837
28: 1393 1087 1044
29: 997 891 895
30: 911 918 925 935
31: 950 962
32: 1009 1008 1014 1025
33: 999 1016 1028 1039
34: 1057 1085 1106 1126
35: 1274 1301 1323 1180
36: 1220 1315 1364
37: 1807 1871 1579 1563
38: 1547 1542 1526 1513
39: 1500 1486 1479 1472
40: 1464 1456 1451 1443
41: 1437 1431 1428 1423
42: 1417 1413 1407
43: 1405 1399 1398 1398
44: 1372 1394 1392 1400
45: 1364 1419 1838 2177
46: 2196 2150 2193
47: 2195 2174 2162 2213
48: 2203 2019 2120 2260
49: 2285 2037 1986 1956
50: 1934 1906 2042
51: 1030 1041 1069 2041
52: 893 819 772
53: 743 723 704 684
54: 665 425
55: 423 422 422 422
56: 422 422 421 422
57: 422 422 423 425
58: 425 427 428 430
59:
60: 446 447
61: 449 454 457 460
62: 465 468
63:
64: 1016 1081
65: 1080 1089
66:
67: 1270
68: 766 376
69: 378 380 381 382
70: 383 385 387 389
71: 392 394 396 399
72: 402 405 408 412
73: 416 419 423 428
74: 432 437 442 447
75: 453 458 465 2752
76: 2662 2615 2558 2377
77: 2444 2404 2349 2331
78: 2266 2230 2179 2166
79: 2090 2057 2031 2070
80: 1988 1945 1919 1898
81: 1873 1848 1826 1813
82: 1792 1775 1759 1728
83: 1752 1712 1696 1688
84: 1673 1663 1644
85: 1630 1623 1603 1607
86: 1600 1592 1586 1164
87: 1161 1154 1154
88: 1146 1151 1144
89: 1144 1139 1150 1154
0: 1140 1142 1143
1: 1148 1156 1163 1167
2: 1161 1161 1164 1173
3: 1175
4: 1197 1208 1238
5: 1229 1233 1245 1289
6: 1309 1320 1333 1346
7: 1356 1371 1383 1401
8: 1416 1436 1452
9:
10:
11: 883
12: 1146 1129
13: 1114 1100 1088 1075
14: 1062 1050 1040 1029
15: 1005 1001 984 977
16: 991 993 1012 1056
17: 4802
18: 4819 4621 4730
19:
20:
21: 4383 4798 4665 4802
22: 4785 4836 4714 4585
23: 3433
24: 3488 3426 3468
25:
26:
27: 3898 3622
28: 1383 1085 1043
29: 996 892 896
30: 912 919 924 936
31: 950 962
32: 1010 1009 1016 1028
33: 999 1018 1029 1039
34: 1061 1085 1108 1128
35: 1273 1306 1325 1182
36: 1175 1215 1316 1363
37: 1799 1873 1580 1566
38: 1552 1539 1525 1510
39: 1502 1482 1478 1472
40: 1466 1456 1447 1444
41: 1440 1433 1428 1422
42: 1416 1416 1408 1405
43: 1403 1399 1392 1399
44: 1382 1394 1391 1399
45: 1366 1425 1837 2165
46: 2192 2150 2191
47: 2201 2176 2159 2214
48: 2196 1996 2249
49: 2289 2040 1994 1950
50: 1941 1907 2043
51: 1030 1042 1070 2039
52: 819 774
53: 742 722 704 683
54: 664 425
55: 423 421 422 422
56: 422 421 421 422
57: 422 422 423 425
58: 425 427 428 430
59:
60: 446 448
61: 449 454 456 459
62: 464 468
63:
64: 1016 1080
65: 1081 1089
66:
67: 1263
68: 766 375 376
69: 378 379 381 382
70: 384 385 387 389
71: 392 394 396 399
72: 402 405 408 412
73: 416 419 423 427
74: 433 437 442 447
75: 453 458 465 2780
76: 2663 2612 2522 2388
77: 2445 2402 2345 2310
78: 2270 2227 2199 2158
79: 2090 2061 2033 2085
80: 1989 1948 1919 1901
81: 1875 1849 1829 1804
82: 1791 1773 1761 1730
83: 1751 1713 1700 1684
84: 1672 1662 1642
85: 1632 1624 1609 1601
86: 1600 1592 1581 1161
87: 1164 1157 1159
88: 1146 1144 1141
89: 1140 1140 1152 1154
0: 1139 1141 1144 1143
1: 1146 1157 1160 1166
2: 1163 1159 1163 1177
3: 1177
4: 1217 1244
5: 1235 1242 1253 1290
6: 1310 1320 1332 1346
7: 1357 1371 1385 1401
8: 1419 1434 1449
9:
10:
11: 882
12: 1145 1129
13: 1114 1101 1088 1074
14: 1063 1051 1039 1028
15: 1005 1000 983 977
16: 989 993 1013 1055
17: 4854
18: 4546 4916 4718
19:
20:
21: 4636 4722 4730 4781
22: 4920 4845 4871 4577
23: 3453 3246
24: 3491 3464 3470
25:
26:
27: 3926
28: 1383 1087 1045 845
29: 1001 891 896
30: 911 918 925 936
31: 949 961
32: 1011 1010 1017 1029
33: 997 1018 1027 1042
34: 1062 1084 1107 1129
35: 1281 1306 1298 1188
36: 1171 1227 1378
37: 1807 1866 1579 1565
38: 1546 1535 1524 1515
39: 1502 1485 1478 1468
40: 1464 1456 1449 1443
41: 1438 1430 1428 1421
42: 1415 1415 1408
43: 1405 1399 1399 1397
44: 1382 1392 1393 1395
45: 1363 1420 1835 2182
46: 2190 2156 2183
47: 2183 2171 2159 2213
48: 2194 1994 2116 2264
49: 2284 2038 1990 1961
50: 1930 1905 2043
51: 1029 1043 1070 2036
52: 815 773
53: 744 725 704 684
54: 664 424
55: 423 422 422 422
56: 422 421 421 422
57: 422 422 423 425
58: 425 427 428 430
59:
60: 446 448
61: 449 454 456 459
62: 464 468
63:
64: 1017 1082
65: 1081 1093
66:
67: 1277
68: 765 374 376
69: 378 380 381 382
70: 383 385 387 389
71: 391 394 396 399
72: 402 405 408 412
73: 416 419 423 427
74: 433 437 442 448
75: 453 459 465 2729
76: 2653 2618 2516 2382
77: 2448 2396 2356 2303
78: 2265 2233 2197 2144
79: 2093 2060 2031 2080
80: 1992 1951 1923 1898
81: 1874 1846 1834 1802
82: 1796 1773 1762 1743
83: 1747 1717 1700 1685
84: 1669 1663 1653 1642
85: 1633 1625 1610 1608
86: 1596 1591 1588 1164
87: 1163 1163 1152
88: 1149 1147 1142
89: 1139 1153 1156
0: 1138 1142 1141 1147
1: 1151 1157 1166 1167
2: 1154 1160 1165 1176
3: 1173
4: 1216 1249 1238
5: 1227 1228 1245 1289
6: 1310 1319 1332 1347
7: 1353 1374 1387 1402
8: 1419 1437 1444
9:
10:
11: 880
12: 1145 1129
13: 1115 1100 1089 1075
14: 1062 1050 1039 1029
15: 1006 999 984 977
16: 991 1014 1056
17: 4885
18: 4593 4880 4566
19:
20:
21: 4669 4657 4832 4907
22: 4894 4889 4726 4550
23: 3466 3415
24: 3402 3381 3413
25:
26:
27: 3926
28: 1391 1086 1043
29: 996 892 897
30: 911 920 925 935
31: 950 962
32: 1007 1008 1019 1026
33: 998 1017 1031 1041
34: 1057 1082 1108 1127
35: 1279 1308 1305 1185
36: 1170 1212 1299 1362
37: 1808 1871 1575 1564
38: 1544 1539 1525 1515
39: 1504 1483 1480 1476
40: 1462 1456 1451 1442
41: 1437 1429 1426 1419
42: 1416 1414 1408
43: 1402 1400 1397 1392
44: 1381 1395 1392 1399
45: 1364 1417 1839 2176
46: 2196 2150 2188
47: 2191 2179 2166 2200
48: 2201 2033 2132 2257
49: 2277 2043 1987 1952
50: 1930 1905 2046
51: 1029 1042 1070 2033
52: 817 772
53: 743 722 703 683
54: 662 425
55: 423 422 422 422
56: 422 421 422 422
57: 422 422 423 425
58: 425 426 428 430
59:
60: 445 448
61: 449 454 456 459
62: 464 468
63:
64: 1018 1081
65: 1081 1091
66:
67: 1272
68: 767 376
69: 378 379 381 382
70: 384 385 387 389
71: 392 394 397 399
72: 402 405 408 412
73: 416 419 424 428
74: 432 437 442 447
75: 453 458 465 2693
76: 2670 2609 2561 2388
77: 2459 2403 2344 2329
78: 2259 2240 2183 2142
79: 2091 2062 2028 2057
80: 1989 1947 1921 1898
81: 1875 1852 1832 1813
82: 1790 1777 1759 1728
83: 1751 1707 1700 1682
84: 1673 1660 1641
85: 1633 1626 1615 1607
86: 1598 1589 1581 1161
87: 1163 1160 1155 1142
88: 1147 1150 1139
89: 1140 1150 1157
0: 1139 1145 1143
1: 1149 1164 1160 1166
2: 1157 1160 1162 1175
3: 1175
4: 1225 1228
5: 1241 1232 1234 1292
6: 1311 1321 1334 1346
7: 1357 1370 1386 1401
8: 1420 1434 1444
9:
10:
11: 883
12: 1144 1129
13: 1114 1100 1088 1074
14: 1064 1049 1039 1029
15: 1006 1000 984 977
16: 990 993 1012 1056
17: 4911
18: 4738 4665 4613
19:
20:
21: 4456 4810 4903 4828
22: 4854 4934 4785 4640
23: 3473 3278
24: 3350 3502 3584
25:
26:
27: 3850 3674
28: 1390 1086 1043
29: 1000 892 895
30: 911 918 924 935
31: 951 960
32: 1004 1011 1021 1024
33: 997 1017 1027 1038
34: 1062 1085 1106 1129
35: 1275 1297 1312 1187
36: 1180 1213 1314 1370
37: 1807 1867 1572 1567
38: 1546 1536 1527 1516
39: 1504 1483 1481 1473
40: 1466 1457 1450 1443
41: 1435 1430 1427 1423
42: 1416 1416 1407
43: 1405 1398 1395 1397
44: 1386 1392 1390 1397
45: 1366 1420 1837 2163
46: 2199 2157 2188
47: 2184 2181 2164 2218
48: 2208 1997 2116 2262
49: 2285 2039 1986 1952
50: 1930 1905 2045
51: 1029 1042 1070 2031
52: 818 773
53: 743 723 704 684
54: 664 425
55: 423 422 422 422
56: 421 421 421 422
57: 422 422 423 425
58: 425 427 429 431
59:
60: 446 447
61: 449 454 455 460
62: 463 468
63:
64: 1013 1079
65: 1081 1090
66:
67: 1271
68: 765 970 376
69: 378 380 381 383
70: 384 385 387 389
71: 392 394 396 399
72: 403 405 412
73: 416 419 424 427
74: 432 437 442 447
75: 453 458 464 2756
76: 2671 2598 2551 2391
77: 2452 2405 2350 2330
78: 2258 2221 2192 2157
79: 2095 2065 2029 2083
80: 1989 1950 1921 1896
81: 1873 1855 1826 1813
82: 1793 1768 1760 1733
83: 1747 1715 1698 1689
84: 1674 1660 1654 1644
85: 1633 1625 1609 1606
86: 1600 1590 1584 1161
87: 1162 1159 1155 1163
88: 1144 1149 1145
89: 1137 1142 1151 1157
0: 1139 1140 1142 1144
1: 1151 1160 1165 1164
2: 1161 1157 1162 1167
3: 1172
4: 1201 1233
5: 1242 1240 1250 1289
6: 1310 1321 1332 1345
7: 1357 1370 1388 1400
8: 1419 1433 1446
9:
10:
11: 878
12: 1146 1129
13: 1115 1102 1089 1075
14: 1062 1050 1039 1029
15: 1006 999 984 977
16: 989 992 1012 1056
17: 4636
18: 4677 4828 4858
19:
20:
21: 4570 4531 4636 4943
22: 4907 4938 4920 4585
23: 3387 3392
24: 3411 3428 3392
25:
26:
27: 3859
28: 1384 1085 1045
29: 1001 891 896
30: 910 919 925 936
31: 951 961
32: 1007 1010 1019 1026
33: 996 1017 1031 1039
34: 1059 1084 1108 1131
35: 1278 1296 1327 1181
36: 1169 1213 1371
37: 1803 1871 1579 1569
38: 1552 1537 1522 1513
39: 1502 1484 1478 1475
40: 1466 1456 1451 1441
41: 1437 1430 1427 1422
42: 1416 1414 1408
43: 1403 1399 1398 1399
44: 1380 1392 1389 1399
45: 1365 1418 1839 2165
46: 2194 2165 2173
47: 2200 2176 2166 2216
48: 2199 1996 2122 2263
49: 2291 2040 1990 1957
50: 1934 1909 2043
51: 1029 1042 1070 2037
52: 821 774
53: 744 723 705 684
54: 665 425
55: 423 422 422 422
56: 421 421 421 422
57: 422 422 423 425
58: 426 427 429 431
59:
60: 446 448
61: 449 454 457 460
62: 465 468
63:
64: 1015 1080
65: 1081 1091
66:
67: 1281
68: 764 975 375
69: 378 379 381 383
70: 384 385 387 389
71: 392 394 396 399
72: 402 405 408 412
73: 416 419 423 427
74: 432 437 442 447
75: 453 458 465 2753
76: 2665 2614 2553 2375
77: 2437 2413 2346 2324
78: 2267 2231 2210 2154
79: 2093 2060 2032 2069
80: 1993 1951 1925 1898
81: 1879 1850 1831 1801
82: 1795 1776 1759 1734
83: 1753 1706 1699 1687
84: 1673 1662 1654 1639
85: 1633 1625 1611 1604
86: 1601 1591 1585 1159
87: 1161 1160 1155 1146
88: 1152 1152 1144
89: 1146 1141 1152 1157
0: 1138 1143 1145
1: 1148 1157 1164 1159
2: 1159 1153 1164 1172
3: 1166
4: 1196 1221
5: 1228 1235 1251 1291
6: 1311 1320 1332 1346
7: 1357 1373 1385 1403
8: 1419 1432 1448
9:
10:
11: 882
12: 1145 1129
13: 1114 1101 1088 1075
14: 1063 1051 1040 1028
15: 1006 1001 985 977
16: 991 1013 1055
17: 4661
18: 4943 4970 4550
19:
20:
21: 4380 4601 4819 4894
22: 4885 4894 4810 4806
23: 3435 3464
24: 3446 3504 3457
25:
26:
27: 3875 3539
28: 1385 1083 1043
29: 999 892 897
30: 909 920 924 935
31: 949 961
32: 1004 1012 1019 1026
33: 996 1016 1032 1039
34: 1062 1086 1107 1128
35: 1277 1301 1302 1191
36: 1210 1216 1300 1365
37: 1805 1873 1580 1564
38: 1551 1540 1525 1513
39: 1502 1483 1481 1472
40: 1464 1454 1449 1441
41: 1437 1432 1426 1421
42: 1416 1414 1409 1405
43: 1403 1397 1394 1399
44: 1380 1395 1392 1395
45: 1366 1415 1835 2176
46: 2192 2154 2177
47: 2183 2165 2149 2202
48: 2207 2008 2128 2259
49: 2283 2039 1990 1953
50: 1931 1907 2044
51: 1029 1041 1070 2037
52: 818 773
53: 746 723 704 684
54: 665 425
55: 423 422 422 422
56: 422 421 421 422
57: 423 423 424 425
58: 426 426 429 431
59:
60: 446 448
61: 449 454 457 460
62: 464 469
63:
64: 1016 1082
65: 1080 1091
66:
67: 1269
68: 764 970
69: 378 380 382 383
70: 384 385 387 389
71: 391 394 396 399
72: 402 405 408 412
73: 416 419 424 427
74: 432 437 442 447
75: 453 459 465 2729
76: 2670 2595 2561 2395
77: 2448 2406 2348 2321
78: 2290 2237 2180 2125
79: 2093 2061 2029 2067
80: 1990 1949 1919 1898
81: 1877 1853 1819 1810
82: 1788 1767 1760 1731
83: 1753 1715 1700 1685
84: 1671 1660 1654 1639
85: 1636 1626 1611 1605
86: 1602 1593 1586 1158
87: 1156 1161 1151
88: 1150 1146 1143
89: 1142 1140 1151 1158
0: 1139 1144 1141 1147
1: 1147 1158 1164 1163
2: 1164 1158 1153 1169
3: 1175
4: 1204 1215 1235
5: 1221 1241 1254 1295
6: 1310 1320 1333 1345
7: 1357 1371 1385 1401
8: 1417 1433 1447
9:
10:
11: 879
12: 1146 1129
13: 1114 1101 1089 1075
14: 1061 1050 1040 1029
15: 1006 999 983 977
16: 990 992 1013 1057
17: 4764
18: 4929 4832 4785
19:
20:
21: 4573 4665 4810 4929
22: 4867 4907 4871 4755
23: 3484 3337
24: 3507 3498 3453
25:
26:
27: 3892 3622
28: 1381 1084 1043
29: 996 892 895
30: 910 920 925 936
31: 951 962
32: 1002 1010 1017 1029
33: 998 1015 1025 1038
34: 1062 1085 1108 1130
35: 1280 1295 1307 1182
36: 1212 1318 1363
37: 1804 1866 1576 1561
38: 1550 1541 1525 1513
39: 1495 1484 1479 1472
40: 1466 1456 1453 1445
41: 1434 1431 1428 1420
42: 1415 1412 1407
43: 1403 1397 1396 1396
44: 1386 1393 1391 1396
45: 1365 1415 1836 2169
46: 2185 2149 2191
47: 2209 2182 2168 2213
48: 2197 1993 2121 2256
49: 2279 2037 1994 1949
50: 1930 1908 2043
51: 1031 1043 1069 2036
52: 820 775
53: 743 723 704 684
54: 664 425
55: 423 422 422 422
56: 423 422 422 422
57: 423 424 423 425
58: 426 427 429 430
59:
60: 446 447
61: 451 454 457 461
62: 464 469
63:
64: 1012 1081
65: 1081 1090
66:
67: 1278
68: 765 968 375
69: 378 380 381 383
70: 384 385 387 389
71: 392 394 396 399
72: 403 405 408 412
73: 416 419 424 428
74: 432 437 442 447
75: 453 458 465 2772
76: 2673 2590 2540 2402
77: 2428 2399 2350 2310
78: 2262 2229 2151
79: 2093 2060 2031 2089
80: 1992 1947 1920 1899
81: 1873 1856 1828 1807
82: 1794 1774 1762 1729
83: 1750 1714 1701 1688
84: 1673 1660 1650 1642
85: 1632 1625 1608 1609
86: 1600 1593 1588 1160
87: 1156 1159 1155 1149
88: 1148 1149 1152 1145
89: 1139 1150 1154
0: 1138 1141 1144 1148
1: 1147 1182 1171 1163
2: 1163 1162 1161 1162
3: 1173
4: 1201 1224 1221
5: 1221 1229 1224 1296
6: 1311 1322 1333 1346
7: 1358 1371 1384 1400
8: 1418 1432 1451
9:
10:
11: 878
12: 1147 1130
13: 1115 1102 1088 1074
14: 1061 1050 1040 1029
15: 1006 1001 984 977
16: 990 995 1012 1058
17: 4984
18: 4709 4726 4693
19:
20:
21: 4581 4730 4685 4841
22: 4841 4903 4755 4661
23: 3431
24: 3413 3482 3468
25:
26:
27: 3823 3672
28: 1383 1087 1045 846
29: 1001 891 896
30: 911 919 924 936
31: 951 961
32: 1006 1009 1022 1025
33: 998 1018 1028 1038
34: 1060 1085 1107 1128
35: 1278 1306 1317 1182
36: 1171 1219 1314 1367
37: 1808 1875 1573 1566
38: 1550 1539 1526 1513
39: 1502 1487 1481 1474
40: 1466 1456 1451 1443
41: 1439 1429 1427 1421
42: 1416 1415 1408
43: 1403 1398 1398 1399
44: 1386 1394 1391 1393
45: 1364 1414 1835 2175
46: 2194 2143 2188
47: 2198 2179 2158 2204
48: 2202 1999 2135 2260
49: 2284 2036 1990 1962
50: 1938 1909 2042
51: 1030 1041 1070 2044
52: 819 772
53: 745 724 704 684
54: 664 425
55: 423 422 422 422
56: 423 421 422 422
57: 423 424 424 425
58: 426 427 429 430
59:
60: 446 448
61: 451 453 457 461
62: 465 469
63:
64: 1016 1083
65: 1080 1090
66:
67: 1275
68: 765 968 375
69: 378 379 381 382
70: 384 385 387 389
71: 391 394 396 399
72: 402 405 409 412
73: 416 419 424 428
74: 432 437 442 448
75: 453 459 465 2776
76: 2665 2596 2550 2399
77: 2454 2409 2344 2309
78: 2273 2244 2179 2155
79: 2094 2061 2029 2082
80: 1993 1951 1925 1900
81: 1873 1853 1828 1811
82: 1790 1777 1761 1741
83: 1747 1716 1695 1688
84: 1669 1657 1651 1639
85: 1633 1625 1611 1599
86: 1599 1587 1586 1159
87: 1158 1162 1153 1155
88: 1150 1142 1142
89: 1146 1140 1151 1155
0: 1139 1142 1147
1: 1146 1162 1156 1166
2: 1173 1158 1160 1169
3: 1174
4: 1204 1210 1223
5: 1229 1233 1246 1297
6: 1310 1320 1332 1343
7: 1358 1371 1384 1400
8: 1419 1436 1451
9:
10:
11: 881
12: 1149 1129
13: 1115 1100 1088 1075
14: 1062 1050 1041 1029
15: 1006 1000 985 977
16: 992 1013 1054
17: 4640
18: 4493 4726 4701
19:
20:
21: 4523 4751 4785 4772
22: 4867 4858 4781 4550
23: 3189 3385
24: 3439 3500 3331
25:
26:
27: 3853 3730
28: 1391 1084 1043
29: 998 891 896
30: 911 921 924 935
31: 949 962
32: 1011 1011 1018 1031
33: 999 1017 1030 1040
34: 1061 1085 1108 1129
35: 1279 1304 1304 1182
36: 1170 1220 1372
37: 1802 1865 1581 1559
38: 1549 1540 1526 1516
39: 1501 1488 1482 1474
40: 1462 1455 1449 1442
41: 1439 1429 1428 1423
42: 1416 1415 1410 1405
43: 1404 1397 1399 1397
44: 1374 1394 1390 1395
45: 1363 1417 1837 2173
46: 2190 2147 2188
47: 2185 2182 2166 2217
48: 2205 2012 2131 2256
49: 2283 2033 1989 1954
50: 1933 1905 2046
51: 1029 1041 1071 2046
52: 820 774
53: 745 724 703 685
54: 664 424
55: 423 422 422 422
56: 422 421 422 422
57: 423 424 424 425
58: 426 427 428 430
59:
60: 446 448
61: 451 454 457 461
62: 465 469
63:
64: 1017 1082
65: 1081 1092
66:
67: 1276
68: 764 972 376
69: 378 380 381 382
70: 384 385 387 389
71: 392 394 396 399
72: 402 405 408 412
73: 416 419 424 428
74: 432 437 442 448
75: 453 459 465 2776
76: 2659 2590 2547 2437
77: 2448 2393 2342 2310
78: 2308 2235 2127
79: 2091 2059 2030 2093
80: 1990 1945 1927 1901
81: 1877 1854 1826 1807
82: 1795 1776 1758 1741
83: 1747 1714 1699 1688
84: 1673 1665 1651 1637
85: 1633 1625 1608 1608
86: 1600 1594 1584 1169
87: 1160 1156 1156 1149
88: 1149 1146 1143
89: 1152 1140 1151 1155
0: 1138 1142 1151 1147
1: 1149 1162 1166 1162
2: 1163 1159 1164 1168
3: 1174
4: 1209 1211 1232
5: 1226 1237 1237 1285
6: 1311 1320 1333 1345
7: 1357 1370 1385 1401
8: 1419 1435 1454
9:
10:
11: 882
12: 1148 1130
13: 1114 1100 1088 1075
14: 1063 1051 1039 1028
15: 1005 1002 984 977
16: 989 1013 1056
17: 4925
18: 4776 4640 4815
19:
20:
21: 4445 4632 4858 4863
22: 4832 4693 4841 4601
23: 3450
24: 3362 3493 3544
25:
26:
27: 3799 3667
28: 1388 1087 1044 842
29: 1001 891 896
30: 911 920 924 935
31: 949 963
32: 1009 1010 1020 1026
33: 997 1015 1029 1038
34: 1063 1079 1107 1128
35: 1278 1301 1315 1186
36: 1173 1214 1307 1364
37: 1810 1873 1578 1565
38: 1549 1536 1527 1513
39: 1501 1485 1479 1475
40: 1462 1454 1451 1442
41: 1437 1430 1426 1422
42: 1417 1414 1408
43: 1403 1396 1399 1396
44: 1382 1394 1392 1399
45: 1364 1420 1837 2169
46: 2194 2150 2199
47: 2183 2184 2162 2225
48: 2200 1993 2130 2261
49: 2277 2038 1990 1959
50: 1934 1904 2046
51: 1029 1042 1070 2037
52: 818 774
53: 746 725 704 684
54: 663 424
55: 423 422 422 422
56: 423 421 422 422
57: 423 423 423 425
58: 425 427 428 430
59:
60: 446 448
61: 451 454 458 461
62: 464 469
63:
64: 1016 1080
65: 1081 1092
66:
67: 1273
68: 763 972 375
69: 378 379 381 382
70: 384 385 387 389
71: 391 394 396 399
72: 402 405 409 412
73: 416 419 424 428
74: 432 437 442 448
75: 453 458 465 2817
76: 2659 2610 2546 2403
77: 2448 2402 2351 2305
78: 2272 2215 2127
79: 2097 2062 2031 2080
80: 1990 1950 1925 1896
81: 1874 1857 1823 1811
82: 1795 1769 1764 1741
83: 1751 1717 1696 1687
84: 1671 1664 1648 1641
85: 1632 1623 1615 1603
86: 1599 1590 1586 1165
87: 1161 1160 1156 1150
88: 1151 1154 1141
89: 1151 1138 1151 1152
0: 1140 1140 1149 1149
1: 1147 1159 1162 1161
2: 1166 1158 1163 1175
3: 1173 1188
4: 1235 1217 1239
5: 1229 1236 1258 1294
6: 1311 1321 1333 1346
7: 1356 1372 1385 1404
8: 1419 1434 1451
9:
10:
11: 883
12: 1151 1129
13: 1115 1102 1087 1075
14: 1063 1050 1040 1028
15: 1005 999 983 977
16: 990 995 1012 1058
17: 4747
18: 4657 4697 4693
19:
20:
21: 4601 4810 4823 4823
22: 4759 4823 4798 4597
23: 3431
24: 3405 3525
25:
26:
27: 3870 3560
28: 1387 1084 1042
29: 996 893 897
30: 912 919 923 936
31: 949 963
32: 1008 1013 1020 1032
33: 997 1017 1028 1039
34: 1061 1086 1106 1131
35: 1277 1299 1310 1182
36: 1172 1211 1312 1370
37: 1810 1872 1580 1566
38: 1550 1536 1526 1514
39: 1503 1485 1481 1475
40: 1464 1455 1449 1442
41: 1437 1428 1427 1420
42: 1416 1414 1406
43: 1404 1396 1397 1398
44: 1387 1394 1389 1393
45: 1364 1420 1838 2168
46: 2191 2163 2200
47: 2205 2182 2158 2202
48: 2205 2048 2120 2261
49: 2281 2038 1987 1955
50: 1935 1905 2045
51: 1029 1042 1068 2045
52: 895 820 775
53: 745 726 705 684
54: 665 425
55: 423 422 422 422
56: 423 421 421 422
57: 423 423 423 425
58: 425 427 428 430
59:
60: 446 448
61: 451 454 458 460
62: 464 468
63: 487
64: 1017 1080
65: 1080 1091
66:
67: 1274
68: 766 971 376
69: 378 380 381 382
70: 383 385 387 389
71: 391 394 396 399
72: 402 405 408 412
73: 416 419 424 428
74: 432 437 442 448
75: 453 459 465 2721
76: 2674 2605 2549 2394
77: 2445 2406 2347 2320
78: 2283 2234 2177 2142
79: 2094 2061 2032 2072
80: 1989 1945 1919 1904
81: 1874 1854 1837 1808
82: 1793 1774 1760 1728
83: 1747 1711 1704 1686
84: 1670 1658 1642
85: 1632 1622 1608 1603
86: 1602 1588 1587 1166
87: 1159 1162 1153 1158
88: 1145 1149 1143
89: 1149 1138 1152 1152
0: 1140 1141 1151 1148
1: 1148 1160 1162 1162
2: 1168 1157 1157 1163
3: 1177
4: 1198 1223 1221
5: 1238 1233 1241 1295
6: 1311 1320 1332 1346
7: 1356 1371 1385 1401
8: 1417 1437 1456
9:
10:
11: 884
12: 1150 1131
13: 1114 1102 1087 1075
14: 1063 1051 1040 1029
15: 1005 999 984 977
16: 992 995 1013 1056
17: 4747
18: 4793 4685 4793
19:
20:
21: 4535 4636 4845 4743
22: 4841 4726 4980 4730
23: 3455
24: 3433 3514 3537
25:
26:
27: 3785 3589
28: 1386 1087 1046 844
29: 1000 892 896
30: 910 920 925 935
31: 951 962
32: 1006 1011 1018 1030
33: 1000 1017 1033 1041
34: 1058 1085 1109 1130
35: 1272 1304 1325 1178
36: 1174 1219 1317 1368
37: 1807 1867 1577 1567
38: 1550 1537 1525 1516
39: 1503 1487 1481 1476
40: 1464 1457 1450 1445
41: 1437 1431 1426 1421
42: 1415 1415 1410 1405
43: 1404 1399 1396 1400
44: 1382 1393 1392 1398
45: 1364 1423 1840 2164
46: 2192 2151 2200
47: 2191 2167 2168 2212
48: 2195 1994 2132 2253
49: 2286 2039 1987 1954
50: 1933 1905 2044
51: 1030 1042 1070 2041
52: 820 774
53: 745 724 705 684
54: 665 425
55: 424 422 422 422
56: 423 422 421 422
57: 423 423 423 425
58: 425 427 428 430
59:
60: 445 448
61: 450 454 457 460
62: 464 468
63: 487
64: 1014 1083
65: 1082 1091
66:
67: 1265
68: 766 376
69: 378 380 380 382
70: 384 385 387 389
71: 391 394 396 399
72: 402 405 409 412
73: 416 419 424 427
74: 433 437 442 447
75: 453 459 465 2772
76: 2653 2582 2515 2409
77: 2447 2401 2343 2314
78: 2267 2228 2143
79: 2098 2061 2030 2075
80: 1993 1949 1921 1900
81: 1874 1851 1827 1813
82: 1793 1772 1766 1734
83: 1752 1716 1701 1682
84: 1675 1663 1654 1642
85: 1635 1625 1615 1605
86: 1601 1592 1584 1165
87: 1161 1153 1150 1142
88: 1150 1143 1142
89: 1150 1140 1149 1152
0: 1142 1142 1150 1149
1: 1146 1160 1162 1165
2: 1168 1159 1162 1174
3: 1175
4: 1205 1222 1214
5: 1225 1228 1229 1286
6: 1310 1320 1333 1346
7: 1357 1372 1383 1400
8: 1419 1436 1450
9:
10:
11: 883
12: 1148 1129
13: 1114 1101 1088 1075
14: 1061 1049 1039 1028
15: 1005 998 984 977
16: 991 995 1012 1057
17: 4836
18: 4685 4854 4562
19:
20:
21: 4512 4593 4793 4854
22: 4673 4815 4764 4764
23: 3466
24: 3514 3409 3390
25:
26:
27: 3791 3667
28: 1385 1086 1046 848
29: 1003 894 895
30: 910 920 924 935
31: 950 963
32: 1006 1013 1023 1029
33: 1001 1017 1029 1039
34: 1063 1083 1106 1131
35: 1279 1306 1309 1179
36: 1169 1214 1319 1363
37: 1807 1867 1582 1564
38: 1553 1539 1520 1512
39: 1500 1483 1480 1474
40: 1462 1454 1449 1443
41: 1437 1430 1425 1421
42: 1416 1412 1406
43: 1405 1395 1397 1399
44: 1380 1392 1393 1399
45: 1365 1419 1837 2181
46: 2191 2157 2192
47: 2205 2174 2169 2202
48: 2199 2002 2121 2264
49: 2286 2042 1993 1949
50: 1937 1909 2042
51: 1030 1042 1071 2043
52: 895 819 776
53: 745 723 705 684
54: 665 425
55: 423 422 422 422
56: 423 422 421 422
57: 422 422 423 425
58: 425 427 428 430
59:
60: 445 448
61: 449 454 456 459
62: 464 468
63:
64: 1017 1082
65: 1081 1092
66:
67: 1267
68: 764 375 377
69: 378 380 380 382
70: 384 385 387 389
71: 392 394 396 399
72: 402 405 408 412
73: 416 419 424 428
74: 433 437 442 448
75: 453 458 465 2729
76: 2667 2619 2559 2396
77: 2452 2403 2345 2328
78: 2270 2227 2188 2155
79: 2096 2061 2029 2074
80: 1993 1948 1925 1897
81: 1876 1849 1829 1810
82: 1792 1770 1762 1742
83: 1755 1712 1697 1686
84: 1673 1664 1649 1642
85: 1631 1622 1609 1606
86: 1602 1590 1582 1158
87: 1161 1159 1153 1159
88: 1151 1147 1142
89: 1141 1151 1155
0: 1138 1140 1146
1: 1148 1160 1162 1160
2: 1152 1158 1164 1172
3: 1174
4: 1214 1221 1244
5: 1231 1238 1236 1294
6: 1311 1319 1332 1346
7: 1355 1372 1386 1402
8: 1418 1435 1450
9:
10:
11: 883
12: 1147 1130
13: 1115 1102 1088 1075
14: 1064 1051 1040 1029
15: 1005 1001 984 977
16: 993 1013 1056
17: 4934
18: 4562 4585 4628
19:
20:
21: 4520 4722 4701 4747
22: 4880 4858 4768 4701
23: 3450
24: 3509 3450 3473
25:
26:
27: 3785 3659
28: 1383 1086 1048 841
29: 1001 892 896
30: 911 919 923 935
31: 951 961
32: 1007 1011 1021 1028
33: 1000 1018 1029 1037
34: 1061 1085 1109 1133
35: 1277 1300 1319 1176
36: 1173 1215 1316 1372
37: 1808 1871 1573 1564
38: 1551 1538 1524 1513
39: 1497 1487 1477 1474
40: 1462 1455 1449 1443
41: 1438 1431 1428 1421
42: 1415 1414 1406
43: 1404 1396 1399 1397
44: 1385 1392 1391 1401
45: 1364 1421 1836 2175
46: 2192 2152 2192
47: 2187 2181 2159 2209
48: 2208 2065 2102 2246
49: 2283 2039 1987 1949
50: 1935 1901 2045
51: 1029 1042 1071 2043
52: 821 775
53: 744 724 704 684
54: 664 425
55: 423 421 422 422
56: 422 421 421 422
57: 422 422 423 425
58: 425 427 428 430
59:
60: 445 448
61: 449 454 457 460
62: 465 468
63:
64: 1019 1081
65: 1081 1092
66:
67: 1276
68: 767 376
69: 378 379 381 382
70: 384 385 387 389
71: 391 394 396 399
72: 402 405 409 411
73: 416 419 423 428
74: 433 437 442 447
75: 453 459 465 2710
76: 2669 2599 2558 2387
77: 2452 2401 2358 2306
78: 2256 2226 2186 2138
79: 2093 2061 2032 2082
80: 1990 1947 1919 1898
81: 1876 1855 1831 1815
82: 1797 1770 1760 1729
83: 1749 1712 1698 1687
84: 1675 1663 1643
85: 1634 1624 1609 1609
86: 1597 1594 1583 1165
87: 1155 1161 1160
88: 1150 1152 1144
89: 1142 1139 1151 1153
0: 1140 1142 1142 1146
1: 1150 1158 1159 1157
2: 1157 1153 1165
3: 1165
4: 1201 1210 1232
5: 1245 1223 1236 1293
6: 1309 1321 1331 1346
7: 1358 1370 1384 1403
8: 1419 1436 1447
9:
10:
11: 883
12: 1144 1129
13: 1114 1100 1088 1074
14: 1063 1050 1039 1028
15: 1005 1000 984 976
16: 993 1011 1057
17: 4605
18: 4863 5036 4573
19:
20:
21: 4581 4858 4726 4705
22: 4743 4798 4751 4751
23: 3468
24: 3464 3466 3396
25:
26:
27: 3884 3635
28: 1390 1088 1046 840
29: 1001 890 895
30: 912 919 925 937
31: 950 962
32: 1008 1013 1019 1030
33: 1000 1019 1031 1037
34: 1063 1084 1107 1130
35: 1272 1301 1329 1189
36: 1179 1210 1319 1361
37: 1804 1869 1576 1565
38: 1547 1541 1526 1512
39: 1502 1487 1480 1469
40: 1464 1453 1449 1442
41: 1435 1431 1426 1422
42: 1417 1416 1408
43: 1404 1397 1396 1398
44: 1386 1393 1391 1394
45: 1363 1423 1836 2169
46: 2190 2153 2196
47: 2185 2188 2170 2228
48: 2200 1993 2113 2267
49: 2278 2039 1990 1951
50: 1932 1905 2043
51: 1029 1043 1069 2041
52: 896 824 774
53: 745 726 704 685
54: 665 424
55: 423 421 422 422
56: 422 421 421 422
57: 422 422 423 425
58: 425 427 428 430
59:
60: 446 448
61: 449 454 456 460
62: 463 468
63:
64: 1015 1079
65: 1081 1089
66:
67: 1278
68: 766 376
69: 378 379 381 382
70: 384 385 387 389
71: 391 394 396 399
72: 402 405 408 412
73: 416 420 423 428
74: 433 437 442 448
75: 453 458 465 2799
76: 2646 2607 2561 2390
77: 2453 2403 2356 2315
78: 2244 2224 2186 2149
79: 2094 2057 2029 2080
80: 1990 1949 1924 1898
81: 1876 1853 1834 1809
82: 1790 1772 1763 1726
83: 1754 1712 1699 1689
84: 1673 1659 1641
85: 1634 1623 1616 1606
86: 1603 1594 1581 1162
87: 1165 1158 1158 1151
88: 1145 1149 1142
89: 1139 1149 1155
0: 1137 1140 1142 1146
1: 1150 1158 1160 1163
2: 1161 1160 1162 1172
3: 1178
4: 1211 1240
5: 1231 1240 1264 1288
6: 1309 1321 1331 1346
7: 1357 1369 1386 1401
8: 1418 1434 1447
9:
10:
11: 881
12: 1144 1129
13: 1114 1101 1088 1075
14: 1063 1051 1039 1028
15: 1006 1000 984 977
16: 991 1013 1056
17: 5050
18: 4751 4863 4798
19:
20:
21: 4489 4644 4823 4828
22: 4755 4916 4815 4871
23: 3482
24: 3516 3484 3464
25:
26:
27: 3743 3654
28: 1389 1089 1046 845
29: 1002 893 895
30: 911 918 925 936
31: 950 962
32: 1007 1013 1022 1030
33: 998 1016 1030 1038
34: 1063 1086 1109 1131
35: 1276 1304 1333 1177
36: 1174 1221 1312 1371
37: 1807 1869 1582 1567
38: 1550 1536 1528 1516
39: 1503 1487 1479 1473
40: 1463 1454 1451 1441
41: 1436 1431 1427 1420
42: 1416 1415 1408
43: 1404 1399 1399 1397
44: 1382 1394 1393 1399
45: 1364 1421 1839 2172
46: 2190 2156 2188
47: 2185 2170 2148 2222
48: 2206 2000 2124 2258
49: 2293 2034 1993 1959
50: 1934 1904 2043
51: 1029 1042 1070 2036
52: 900 824 777
53: 745 725 703 685
54: 665 425
55: 423 421 422 422
56: 422 421 422 422
57: 422 422 423 425
58: 425 427 428 430
59:
60: 445 448
61: 449 454 457 459
62: 464 468 473
63:
64: 1014 1082
65: 1082 1092
66:
67: 1284
68: 765 375
69: 378 379 381 382
70: 384 385 387 389
71: 392 394 396 399
72: 402 405 408 412
73: 415 419 423 428
74: 432 437 442 447
75: 453 458 465 2809
76: 2665 2617 2545 2376
77: 2445 2405 2349 2326
78: 2281 2235 2191 2146
79: 2097 2059 2029 2068
80: 1990 1949 1924 1897
81: 1872 1852 1827 1807
82: 1796 1769 1758 1733
83: 1753 1713 1702 1687
84: 1673 1662 1652 1638
85: 1631 1625 1614 1604
86: 1599 1592 1581 1164
87: 1160 1158 1149 1155
88: 1145 1148 1145
89: 1135 1139 1151 1160
0: 1140 1144 1144
1: 1149 1160 1164 1168
2: 1159 1150 1163 1180
3: 1176
4: 1203 1226 1216
5: 1229 1241 1252 1294
6: 1310 1320 1332 1345
7: 1357 1374 1387 1403
8: 1418 1437 1450
9: 1468
10:
11: 883
12: 1144 1129
13: 1115 1101 1088 1074
14: 1062 1050 1039 1028
15: 1007 999 984 978
16: 991 1013 1053
17: 4730
18: 4836 4751 4845
19:
20:
21: 4348 4841 4722 4854
22: 4889 4850 4850 4898
23: 3493
24: 3435 3537 3523
25:
26:
27: 3762 3649
28: 1391 1085 1043
29: 997 892 896
30: 912 920 925 935
31: 951 962
32: 1004 1010 1021 1028
33: 998 1012 1029 1039
34: 1058 1086 1105 1134
35: 1274 1303 1332 1178
36: 1176 1211 1320 1363
37: 1808 1871 1574 1565
38: 1551 1539 1528 1513
39: 1502 1487 1480 1470
40: 1462 1456 1449 1443
41: 1439 1431 1426 1423
42: 1417 1415 1411 1407
43: 1405 1397 1396 1398
44: 1380 1395 1391 1398
45: 1364 1417 1836 2164
46: 2191 2152 2183
47: 2183 2179 2161 2211
48: 2203 2019 2126 2254
49: 2283 2040 1989 1959
50: 1932 1909 2036
51: 1029 1041 1070 2040
52: 894 821 777
53: 744 724 705 684
54: 666 425
55: 423 422 422 422
56: 421 421 422 422
57: 422 422 423 425
58: 425 427 428 430
59:
60: 446 448
61: 449 454 456 460
62: 464 468 473
63:
64: 1014 1082
65: 1080 1093
66:
67: 1265
68: 766 967 376
69: 378 380 381 382
70: 384 385 387 389
71: 391 394 396 399
72: 402 405 408 412
73: 416 419 423 428
74: 432 437 442 447
75: 453 459 465 2752
76: 2670 2617 2566 2383
77: 2447 2402 2352 2331
78: 2285 2231 2203 2153
79: 2092 2060 2035 2053
80: 1990 1948 1920 1902
81: 1877 1855 1830 1808
82: 1793 1770 1757 1726
83: 1749 1712 1698 1686
84: 1670 1664 1644
85: 1634 1627 1618 1609
86: 1596 1591 1581 1161
87: 1161 1161 1156 1143
88: 1143 1144 1145
89: 1140 1141 1155 1159
0: 1143 1142 1141 1145
1: 1148 1160 1163 1160
2: 1154 1157 1160 1167
3: 1172
4: 1202
5: 1225 1251 1260 1291
6: 1310 1320 1331 1345
7: 1357 1372 1386 1401
8: 1419 1432 1444
9:
10:
11: 881
12: 1146 1129
13: 1115 1102 1088 1074
14: 1063 1050 1040 1028
15: 1006 1000 984 976
16: 991 1012 1056
17: 4751
18: 4709 4785 4747
19:
20:
21: 4478 4665 4722 4789
22: 4747 4832 4772 4573
23: 3422
24: 3358 3498 3486
25:
26:
27: 3909 3603
28: 1387 1087 1045
29: 999 891 896
30: 911 919 923 936
31: 950 960
32: 1001 1012 1021 1029
33: 996 1014 1030 1041
34: 1061 1082 1106 1130
35: 1274 1301 1322 1182
36: 1180 1211 1325 1371
37: 1809 1865 1580 1566
38: 1554 1536 1521 1515
39: 1504 1486 1478 1475
40: 1461 1456 1447 1444
41: 1437 1431 1424 1423
42: 1417 1414 1408
43: 1404 1396 1394 1397
44: 1382 1394 1394 1394
45: 1366 1419 1841 2169
46: 2191 2157 2192
47: 2197 2167 2168 2205
48: 2201 2000 2256
49: 2281 2041 1987 1959
50: 1936 1907 2043
51: 1029 1042 1070 2039
52: 819 774
53: 745 723 704 684
54: 664 425
55: 423 422 422 422
56: 421 421 421 422
57: 422 422 423 425
58: 425 426 429 431
59:
60: 446 448
61: 449 454 457 460
62: 465 468
63:
64: 1016 1081
65: 1081 1090
66:
67: 1269
68: 765 967
69: 378 379 381 383
70: 384 385 387 389
71: 392 394 396 399
72: 402 405 408 412
73: 416 419 424 428
74: 432 437 442 447
75: 453 459 465 2735
76: 2666 2595 2561 2387
77: 2445 2394 2349 2308
78: 2290 2221 2191 2124
79: 2094 2062 2031 2071
80: 1992 1947 1921 1897
81: 1873 1855 1827 1805
82: 1793 1774 1758 1733
83: 1753 1715 1700 1688
84: 1675 1662 1653 1641
85: 1634 1624 1615 1607
86: 1599 1590 1585 1164
87: 1162 1162 1146 1150
88: 1147 1151 1146
89: 1150 1140 1150 1157
0: 1138 1141 1144 1145
1: 1148 1161 1167 1162
2: 1158 1160 1164 1167
3: 1170
4: 1214 1230 1214
5: 1223 1234 1246 1294
6: 1310 1321 1332 1346
7: 1358 1373 1387 1402
8: 1418 1436 1444
9:
10:
11: 882
12: 1146 1130
13: 1115 1102 1088 1075
14: 1063 1050 1041 1029
15: 1006 1001 984 977
16: 987 992 1012 1056
17: 4832
18: 4759 4755 4863
19:
20:
21: 4366 4722 4730 4920
22: 4815 4943 4789 4657
23: 3482 3462
24: 3392 3495 3347
25:
26:
27: 3820 3710
28: 1378 1085 1043
29: 1000 892 896
30: 911 918 925 936
31: 950 962
32: 1001 1011 1019 1028
33: 998 1015 1027 1040
34: 1057 1087 1108 1130
35: 1277 1300 1301 1179
36: 1170 1217 1374
37: 1805 1865 1581 1561
38: 1550 1538 1527 1512
39: 1498 1487 1482 1474
40: 1464 1451 1451 1442
41: 1439 1432 1427 1421
42: 1416 1416 1411 1408
43: 1404 1398 1397 1396
44: 1385 1393 1391 1393
45: 1366 1417 1834 2166
46: 2184 2155 2189
47: 2191 2179 2164 2198
48: 2204 1996 2128 2253
49: 2281 2039 1987 1956
50: 1936 1912 2039
51: 1030 1043 1069 2034
52: 897 820 776
53: 745 723 705 686
54: 664 425
55: 423 421 422 422
56: 422 422 421 422
57: 423 423 424 425
58: 426 427 429 431
59:
60: 445 448
61: 450 453 458 461
62: 465 468
63:
64: 1013 1079
65: 1081 1092
66:
67: 1280
68: 765 967 375
69: 377 379 381 383
70: 384 385 387 389
71: 392 394 396 399
72: 402 405 409 412
73: 415 419 424 427
74: 432 437 442 447
75: 453 458 465 2736
76: 2653 2614 2561 2386
77: 2452 2410 2351 2319
78: 2300 2255 2189 2167
79: 2095 2061 2029 2072
80: 1994 1951 1921 1900
81: 1875 1849 1834 1811
82: 1796 1776 1756 1738
83: 1751 1712 1697 1689
84: 1669 1661 1650 1640
85: 1632 1625 1611 1608
86: 1597 1589 1580 1165
87: 1163 1156 1160 1152
88: 1153 1145 1145
89: 1147 1141 1153 1156
0: 1137 1144 1147
1: 1148 1158 1167 1163
2: 1161 1159 1162 1158
3: 1173
4: 1226 1209 1247
5: 1242 1232 1251 1292
6: 1309 1319 1331 1346
7: 1359 1372 1384 1404
8: 1418 1435 1450
9:
10:
11: 882
12: 1147 1130
13: 1115 1102 1089 1074
14: 1062 1050 1039 1029
15: 1006 1001 984 978
16: 991 1012 1053
17: 4738
18: 4416 4911 4543
19:
20:
21: 4527 4673 4911 4806
22: 4823 4789 4785 4640
23: 3448 3477
24: 3493 3371 3450
25:
26:
27: 3796
28: 1387 1083 1043
29: 998 891 897
30: 910 918 925 935
31: 952 961
32: 1001 1009 1019 1029
33: 997 1016 1025 1040
34: 1059 1083 1109 1128
35: 1276 1306 1304 1182
36: 1166 1218 1384
37: 1803 1864 1583 1563
38: 1549 1538 1525 1516
39: 1504 1485 1481 1472
40: 1465 1457 1451 1444
41: 1440 1431 1428 1424
42: 1417 1416 1410 1407
43: 1403 1394 1399 1399
44: 1385 1394 1391 1393
45: 1366 1416 1833 2174
46: 2193 2155 2183
47: 2190 2188 2159 2201
48: 2202 1999 2122 2258
49: 2290 2034 1987 1948
50: 1933 1900 2049
51: 1029 1042 1071 2043
52: 820 774
53: 743 722 703 684
54: 666 425
55: 423 422 422 422
56: 422 421 422 422
57: 423 424 423 425
58: 426 426 429 430
59:
60: 446 448
61: 451 454 457 462
62: 464 469 473
63:
64: 1017 1082
65: 1081 1091
66:
67: 1270
68: 765 966 376
69: 378 379 381 382
70: 384 385 387 389
71: 392 394 396 399
72: 402 405 409 412
73: 416 419 424 428
74: 432 437 442 448
75: 453 459 465 2725
76: 2670 2610 2550 2408
77: 2447 2400 2348 2312
78: 2295 2229 2139
79: 2093 2061 2027 2082
80: 1990 1952 1924 1896
81: 1875 1846 1826 1811
82: 1792 1767 1768 1738
83: 1750 1709 1702 1681
84: 1673 1662 1652 1642
85: 1636 1623 1615 1608
86: 1601 1596 1586 1168
87: 1161 1160 1156 1154
88: 1152 1146 1144
89: 1142 1151 1155
0: 1138 1141 1150 1149
1: 1145 1159 1161 1165
2: 1169 1160 1162 1172
3: 1167
4: 1198 1214 1228
5: 1220 1241 1247 1285
6: 1309 1320 1331 1344
7: 1358 1372 1384 1397
8: 1419 1437 1453
9:
10:
11: 882
12: 1149 1129
13: 1115 1102 1088 1074
14: 1061 1050 1039 1029
15: 1005 1002 983 977
16: 991 993 1013 1057
17: 4747
18: 4701 4657 4681
19:
20:
21: 4673 4785 4768 4772
22: 4836 4841 4889 4546
23: 3455
24: 3358 3433 3431
25:
26:
27: 3831 3589
28: 1388 1086 1044
29: 1000 892 897
30: 911 919 924 934
31: 950 962
32: 1001 1012 1020 1030
33: 998 1016 1026 1041
34: 1060 1084 1109 1130
35: 1277 1305 1321 1187
36: 1171 1213 1383
37: 1804 1873 1582 1560
38: 1548 1539 1525 1513
39: 1500 1485 1480 1474
40: 1466 1456 1451 1442
41: 1438 1432 1427 1422
42: 1418 1414 1404
43: 1405 1398 1400 1399
44: 1385 1393 1396 1398
45: 1364 1422 1834 2174
46: 2187 2154 2200
47: 2206 2176 2170 2214
48: 2205 2011 2117 2256
49: 2283 2040 1987 1951
50: 1932 1902 2046
51: 1029 1041 1070 2037
52: 814 774
53: 743 722 703 684
54: 664 425
55: 424 422 422 422
56: 423 421 422 422
57: 423 423 423 425
58: 425 427 428 430
59:
60: 446 448
61: 450 453 458 460
62: 464 468
63:
64: 1018 1081
65: 1081 1089
66:
67: 1270
68: 765 986 376
69: 378 380 381 382
70: 384 385 387 389
71: 391 394 396 399
72: 402 405 409 412
73: 416 419 424 427
74: 432 437 442 447
75: 453 458 465 2718
76: 2658 2603 2564 2413
77: 2444 2375 2359 2322
78: 2279 2230 2185 2150
79: 2093 2060 2031 2079
80: 1992 1948 1923 1894
81: 1875 1851 1832 1807
82: 1799 1776 1753 1732
83: 1753 1711 1704 1688
84: 1673 1665 1652 1642
85: 1631 1624 1611 1605
86: 1602 1593 1579 1161
87: 1163 1156 1154 1152
88: 1149 1148 1140
89: 1144 1139 1153 1154
0: 1139 1138 1152 1147
1: 1147 1182 1167 1162
2: 1167 1157 1163 1179
3: 1180
4: 1202 1212 1216
5: 1223 1243 1240 1296
6: 1310 1322 1332 1346
7: 1356 1374 1386 1400
8: 1418 1435 1453
9:
10:
11: 883
12: 1150 1129
13: 1115 1102 1086 1074
14: 1061 1050 1039 1028
15: 1006 1001 984 977
16: 989 993 1012 1058
17: 4689
18: 4701 4589 4585
19:
20:
21: 4772 4652 4802 4920
22: 4898 4772 4850 4523
23: 3475 3133
24: 3468 3589
25:
26:
27: 3895 3644
28: 1384 1085 1044
29: 996 892 897
30: 912 919 922 935
31: 951 961
32: 1001 1012 1018 1029
33: 999 1015 1027 1040
34: 1062 1085 1107 1128
35: 1281 1303 1314 1178
36: 1166 1216 1375
37: 1812 1866 1573 1566
38: 1552 1540 1527 1513
39: 1501 1487 1479 1471
40: 1464 1455 1453 1443
41: 1437 1432 1427 1421
42: 1416 1413 1409 1405
43: 1404 1399 1399 1398
44: 1383 1393 1392 1398
45: 1364 1420 1842 2177
46: 2183 2152 2195
47: 2199 2178 2152 2220
48: 2203 2038 2109 2258
49: 2286 2041 1988 1952
50: 1935 1907 2044
51: 1030 1041 1069 2045
52: 818 775
53: 745 724 704 684
54: 664 425
55: 423 422 422 422
56: 422 422 421 422
57: 423 423 423 425
58: 425 427 428 430
59:
60: 446 448
61: 450 454 457 460
62: 465 468
63:
64: 1017 1081
65: 1081 1089
66:
67: 1276
68: 765 968 376
69: 378 380 381 382
70: 384 385 387 389
71: 392 394 396 399
72: 402 405 409 412
73: 416 419 423 428
74: 432 437 442 447
75: 453 459 465 2728
76: 2670 2601 2542 2393
77: 2423 2408 2363 2317
78: 2252 2223 2178 2159
79: 2092 2061 2028 2061
80: 1990 1944 1921 1895
81: 1872 1838 1827 1810
82: 1794 1777 1758 1733
83: 1749 1716 1705 1684
84: 1673 1660 1638
85: 1632 1624 1615 1605
86: 1603 1592 1583 1164
87: 1158 1159 1154 1154
88: 1152 1148 1145
89: 1152 1140 1153 1153
0: 1138 1143 1152 1147
1: 1145 1163 1165 1155
2: 1163 1157 1157 1178
3: 1177 1191
4: 1199 1209 1215
5: 1221 1226 1254 1293
6: 1309 1318 1333 1347
7: 1357 1374 1385 1400
8: 1420 1433 1458
9:
10:
11: 884
12: 1149 1129
13: 1113 1102 1088 1074
14: 1063 1051 1040 1029
15: 1005 1001 984 977
16: 991 993 1013 1056
17: 5098
18: 4806 4755 4701
19:
20:
21: 4685 4798 4841 4802
22: 4903 4776 4863 4652
23: 3450
24: 3241 3371 3493
25:
26:
27: 3826 3537
28: 1392 1087 1046 842
29: 1001 892 896
30: 911 919 924 936
31: 951 962
32: 1001 1010 1019 1030
33: 997 1016 1029 1039
34: 1061 1084 1106 1130
35: 1277 1305 1307 1192
36: 1169 1215 1393
37: 1808 1870 1576 1562
38: 1552 1540 1525 1516
39: 1500 1485 1478 1474
40: 1465 1457 1451 1444
41: 1437 1430 1427 1423
42: 1417 1414 1407 1406
43: 1403 1399 1397 1398
44: 1388 1392 1391 1399
45: 1366 1424 1841 2163
46: 2196 2150 2191
47: 2214 2191 2170 2209
48: 2203 1999 2129 2263
49: 2284 2038 1998 1954
50: 1932 1905 2040
51: 1030 1042 1069 2043
52: 822 774
53: 746 724 704 684
54: 665 424
55: 423 422 422 422
56: 422 422 421 422
57: 422 422 423 425
58: 425 426 428 430
59:
60: 446 448
61: 449 454 457 460
62: 465 468
63:
64: 1017 1079
65: 1081 1089
66:
67: 1260
68: 764 376
69: 378 380 381 382
70: 383 385 387 389
71: 391 394 396 399
72: 402 405 408 412
73: 416 419 423 428
74: 432 437 442 448
75: 453 458 465 2710
76: 2674 2603 2541 2415
77: 2453 2409 2358 2328
78: 2260 2216 2116
79: 2093 2058 2030 2056
80: 1988 1947 1926 1899
81: 1877 1851 1833 1808
82: 1789 1772 1763 1737
83: 1747 1715 1700 1686
84: 1675 1660 1641
85: 1632 1621 1617 1607
86: 1598 1596 1585 1159
87: 1161 1163 1156 1150
88: 1147 1141 1139
89: 1149 1139 1151 1153
0: 1137 1140 1149 1147
1: 1148 1158 1164 1160
2: 1163 1161 1161
3: 1179 1223
4: 1199 1229 1234
5: 1238 1230 1243 1287
6: 1311 1320 1334 1346
7: 1356 1371 1387 1401
8: 1417 1435 1456
9:
10:
11: 882
12: 1148 1130
13: 1114 1101 1089 1074
14: 1063 1051 1040 1029
15: 1005 1001 985 977
16: 989 993 1013 1056
17: 4943
18: 4597 4501 4722
19:
20:
21: 4527 4617 4751 4907
22: 4665 4850 4661 4640
23: 3418 3304
24: 3418 3500 3502
25:
26:
27: 3807 3622
28: 1382 1087 1045 847
29: 1002 891 895
30: 910 919 925 934
31: 949 962
32: 1001 1012 1020 1029
33: 998 1015 1029 1040
34: 1061 1084 1106 1129
35: 1277 1302 1311 1183
36: 1169 1217 1385
37: 1807 1868 1578 1566
38: 1550 1541 1524 1514
39: 1501 1487 1482 1473
40: 1463 1453 1449 1442
41: 1436 1430 1426 1423
42: 1415 1415 1407
43: 1403 1397 1397 1399
44: 1381 1394 1393 1400
45: 1364 1421 1837 2166
46: 2196 2155 2195
47: 2229 2184 2162 2221
48: 2198 1999 2119 2267
49: 2287 2039 1991 1950
50: 1932 1909 2043
51: 1029 1043 1070 2039
52: 891 820 774
53: 747 724 703 684
54: 666 425
55: 423 422 422 422
56: 422 421 422 422
57: 422 422 423 425
58: 425 427 428 430
59:
60: 446 448
61: 449 454 457 460
62: 464 468
63:
64: 1014 1083
65: 1080 1091
66:
67: 1266
68: 767 376
69: 378 379 381 382
70: 384 385 387 389
71: 392 394 396 399
72: 402 405 408 412
73: 416 419 424 428
74: 433 437 442 448
75: 453 459 465 2755
76: 2665 2618 2573 2397
77: 2449 2405 2357 2316
78: 2267 2220 2190 2125
79: 2096 2060 2031 2073
80: 1996 1944 1922 1902
81: 1873 1855 1837 1813
82: 1799 1771 1762 1741
83: 1751 1718 1699 1687
84: 1673 1662 1649 1642
85: 1631 1626 1608 1610
86: 1600 1594 1585 1161
87: 1160 1159 1156 1144
88: 1151 1146 1143
89: 1150 1140 1150 1155
0: 1139 1143 1142 1145
1: 1150 1161 1163 1171
2: 1156 1159 1160
3: 1176 1223
4: 1219 1216 1220
5: 1212 1239 1249 1295
6: 1311 1320 1333 1345
7: 1356 1373 1385 1401
8: 1419 1437 1452
9:
10:
11: 883
12: 1150 1130
13: 1114 1101 1089 1074
14: 1063 1050 1041 1028
15: 1004 1001 982 977
16: 994 993 1012 1055
17: 4802
18: 4558 4845 4593
19:
20:
21: 4531 4759 4768 4738
22: 4845 4903 4768 4697
23: 3420 3345
24: 3341 3464 3470
25:
26:
27: 3906 3748
28: 1389 1086 1046 842
29: 999 891 896
30: 911 917 923 936
31: 949 961
32: 1002 1013 1018 1029
33: 1001 1015 1030 1041
34: 1060 1085 1108 1130
35: 1275 1301 1323 1183
36: 1157 1213 1307 1367
37: 1807 1867 1582 1562
38: 1551 1537 1521 1513
39: 1502 1487 1480 1475
40: 1465 1456 1451 1442
41: 1438 1430 1427 1423
42: 1417 1416 1408
43: 1403 1397 1396 1396
44: 1376 1394 1388 1399
45: 1366 1418 1842 2169
46: 2187 2155 2196
47: 2199 2176 2168 2203
48: 2202 2046 2125 2258
49: 2292 2036 1995 1955
50: 1933 1907 2047
51: 1029 1042 1070 2048
52: 896 819 777
53: 745 725 705 684
54: 664 425
55: 423 421 422 422
56: 422 421 422 422
57: 422 422 423 425
58: 426 426 428 430
59:
60: 446 448
61: 449 454 456 459
62: 464 467
63: 482 487
64: 1019 1081
65: 1081 1089
66:
67: 1269
68: 767 375 376
69: 378 379 380 382
70: 383 385 387 389
71: 392 394 396 399
72: 402 405 408 412
73: 416 419 423 428
74: 432 437 442 448
75: 453 458 465 2741
76: 2677 2618 2550 2385
77: 2441 2406 2347 2324
78: 2273 2229 2188 2144
79: 2093 2061 2032 2083
80: 1991 1949 1920 1898
81: 1875 1854 1837 1813
82: 1796 1770 1761 1722
83: 1751 1715 1700 1689
84: 1670 1662 1643
85: 1636 1626 1615 1606
86: 1597 1589 1583 1160
87: 1157 1156 1153 1157
88: 1152 1149 1142
89: 1149 1139 1152 1152
0: 1138 1143 1141 1143
1: 1148 1157 1152 1165
2: 1150 1160 1163
3: 1177
4: 1227 1226 1225
5: 1226 1232 1244 1292
6: 1311 1320 1334 1346
7: 1357 1371 1385 1401
8: 1418 1436 1451
9:
10:
11: 884
12: 1145 1129
13: 1114 1100 1088 1074
14: 1062 1050 1039 1028
15: 1004 1000 984 977
16: 989 1012 1057
17: 4759
18: 4815 4781 4823
19:
20:
21: 4677 4871 4889 4798
22: 4885 4810 4894 4562
23: 3462
24: 3493 3486 3498
25:
26:
27: 3912 3625
28: 1385 1083 1044 836
29: 998 893 895
30: 910 919 924 935
31: 950 963
32: 1003 1010 1020 1027
33: 998 1015 1028 1041
34: 1061 1079 1104 1130
35: 1281 1303 1318 1178
36: 1211 1314 1363
37: 1809 1869 1577 1564
38: 1549 1539 1523 1515
39: 1498 1489 1479 1472
40: 1466 1453 1451 1443
41: 1437 1430 1427 1422
42: 1418 1416 1407
43: 1404 1396 1395 1396
44: 1381 1396 1390 1398
45: 1364 1420 1836 2158
46: 2188 2143 2197
47: 2184 2164 2158 2210
48: 2205 1995 2122 2268
49: 2285 2039 1993 1959
50: 1929 1906 2046
51: 1029 1043 1070 2046
52: 896 821 776
53: 745 726 704 684
54: 664 425
55: 423 422 422 422
56: 422 421 421 422
57: 422 422 423 425
58: 425 427 428 430
59:
60: 446 448
61: 449 454 456 460
62: 464 468
63:
64: 1015 1079
65: 1082 1088
66:
67: 1272
68: 766 376
69: 378 379 381 382
70: 384 385 387 389
71: 392 394 396 399
72: 402 405 409 412
73: 416 419 423 428
74: 433 437 442 448
75: 453 459 465 2735
76: 2666 2590 2551 2405
77: 2448 2403 2354 2303
78: 2246 2229 2176 2140
79: 2087 2061 2030 2089
80: 1992 1946 1921 1900
81: 1875 1854 1830 1816
82: 1791 1773 1758 1729
83: 1753 1709 1698 1686
84: 1673 1661 1643
85: 1634 1628 1618 1607
86: 1599 1590 1584 1164
87: 1162 1154 1156 1148
88: 1149 1149 1149 1146
89: 1146 1140 1149 1153
0: 1136 1144 1143 1144
1: 1148 1157 1163 1170
2: 1163 1157 1162 1173
3: 1175
4: 1203 1225
5: 1232 1231 1246 1293
6: 1311 1320 1333 1344
7: 1358 1372 1386 1401
8: 1418 1434 1447
9:
10:
11: 884
12: 1146 1129
13: 1114 1102 1088 1074
14: 1061 1051 1040 1028
15: 1006 1000 983 977
16: 988 993 1012 1055
17: 5161
18: 4589 4636 4648
19:
20:
21: 4467 4911 5021 4785
22: 4772 4755 4850 4751
23: 3455
24: 3321 3422 3468
25:
26:
27: 3898 3649
28: 1383 1089 1046 846
29: 1002 892 895
30: 910 919 925 935
31: 950 963
32: 1002 1010 1016 1029
33: 998 1015 1029 1036
34: 1059 1084 1107 1132
35: 1278 1305 1333 1185
36: 1174 1216 1377
37: 1805 1868 1575 1565
38: 1552 1541 1526 1513
39: 1502 1486 1482 1476
40: 1463 1452 1449 1443
41: 1434 1431 1427 1421
42: 1417 1415 1407
43: 1403 1399 1399 1398
44: 1379 1395 1397 1398
45: 1367 1420 1839 2163
46: 2195 2155 2183
47: 2198 2174 2163 2209
48: 2203 2000 2144 2264
49: 2280 2038 1993 1951
50: 1930 1908 2043
51: 1030 1042 1070 2045
52: 900 826 778
53: 746 726 705 686
54: 666 424
55: 423 422 422 422
56: 422 421 422 422
57: 422 422 423 425
58: 425 427 428 430
59:
60: 446 448
61: 449 454 457 460
62: 464 468
63:
64: 1017 1083
65: 1081 1093
66:
67: 1267
68: 767 375 376
69: 378 380 381 382
70: 384 385 387 389
71: 392 394 396 399
72: 402 405 409 412
73: 416 419 424 428
74: 432 437 442 447
75: 453 459 465 2732
76: 2650 2607 2551 2393
77: 2452 2406 2354 2311
78: 2262 2225 2196 2163
79: 2095 2061 2031 2086
80: 1993 1951 1924 1899
81: 1873 1855 1830 1811
82: 1790 1774 1751 1739
83: 1750 1716 1698 1689
84: 1673 1664 1652 1642
85: 1633 1623 1613 1600
86: 1595 1590 1586 1164
87: 1162 1154 1155 1145
88: 1148 1145 1144
89: 1140 1152 1156
0: 1137 1144 1143 1144
1: 1147 1157 1156 1164
2: 1159 1156 1160 1178
3: 1174
4: 1213 1204 1218
5: 1228 1240 1251 1293
6: 1309 1321 1334 1347
7: 1356 1374 1386 1402
8: 1421 1434 1448
9:
10:
11: 883
12: 1146 1129
13: 1115 1101 1088 1074
14: 1063 1051 1040 1029
15: 1006 1001 984 978
16: 990 1013 1056
17: 5003
18: 4449 4894 4722
19:
20:
21: 4493 4577 4665 4911
22: 4785 4819 4789 4613
23: 3486
24: 3491 3534 3555
25:
26:
27: 3941 3630
28: 1389 1086 1043
29: 996 892 897
30: 912 920 925 936
31: 951 962
32: 1001 1012 1017 1030
33: 996 1015 1031 1038
34: 1061 1082 1105 1131
35: 1276 1302 1317 1185
36: 1171 1216 1314 1350
37: 1812 1864 1583 1566
38: 1552 1539 1520 1511
39: 1501 1481 1480 1474
40: 1464 1453 1450 1444
41: 1437 1431 1428 1422
42: 1417 1417 1410 1407
43: 1403 1399 1396 1398
44: 1385 1394 1393 1396
45: 1367 1420 1843 2176
46: 2191 2143 2179
47: 2191 2177 2159 2215
48: 2191 2003 2116 2263
49: 2292 2039 1990 1956
50: 1934 1908 2043
51: 1030 1043 1070 2073
52: 898 822 777
53: 746 724 704 685
54: 665 425
55: 423 422 422 422
56: 422 421 421 422
57: 422 422 423 425
58: 425 427 428 430
59:
60: 445 448
61: 449 454 457 459
62: 464 468 473
63:
64: 1016 1081
65: 1080 1093
66:
67: 1269
68: 763 977 376
69: 378 379 381 382
70: 383 385 387 389
71: 391 394 396 399
72: 402 405 408 412
73: 416 419 423 428
74: 432 437 442 447
75: 453 459 465 2732
76: 2658 2595 2557 2401
77: 2439 2389 2364 2329
78: 2267 2231 2153
79: 2095 2060 2029 2077
80: 1991 1950 1921 1899
81: 1874 1858 1829 1808
82: 1798 1774 1754 1732
83: 1753 1713 1698 1687
84: 1675 1661 1641
85: 1635 1625 1609 1606
86: 1598 1594 1586 1164
87: 1162 1159 1155 1158
88: 1146 1147 1143
89: 1145 1140 1151 1155
0: 1139 1144 1144 1142
1: 1148 1158 1163 1165
2: 1159 1160 1162 1179
3: 1178
4: 1216 1204 1200
5: 1237 1245 1242 1289
6: 1311 1319 1333 1346
7: 1356 1371 1384 1402
8: 1420 1436 1450
9:
10:
11: 881
12: 1147 1130
13: 1115 1101 1089 1075
14: 1064 1050 1040 1028
15: 1005 1001 985 977
16: 989 993 1013 1057
17: 5117
18: 4669 4632 4593
19:
20:
21: 4636 4665 4709 4854
22: 4747 4819 4850 4850
23: 3437 3527
24: 3308 3470 3514
25:
26:
27: 3941 3586
28: 1392 1087 1043
29: 997 893 896
30: 912 919 923 936
31: 950 961
32: 1001 1011 1018 1026
33: 997 1017 1029 1040
34: 1062 1084 1106 1130
35: 1277 1301 1321 1179
36: 1180 1210 1301 1370
37: 1815 1873 1578 1566
38: 1556 1540 1526 1515
39: 1502 1487 1476 1476
40: 1462 1455 1451 1444
41: 1439 1427 1427 1419
42: 1417 1416 1408
43: 1405 1399 1398 1399
44: 1385 1394 1389 1399
45: 1364 1420 1842 2169
46: 2189 2153 2194
47: 2188 2174 2163 2212
48: 2203 1996 2132 2261
49: 2287 2038 1987 1954
50: 1931 1907 2043
51: 1030 1041 1070 2046
52: 898 824 777
53: 747 726 705 684
54: 667 425
55: 423 422 422 422
56: 422 421 421 422
57: 422 423 424 425
58: 426 427 429 431
59:
60: 446 448
61: 449 454 457 460
62: 465 468
63:
64: 1017 1081
65: 1081 1090
66:
67: 1281
68: 765 968 375
69: 378 379 381 383
70: 384 385 387 389
71: 392 394 397 399
72: 402 405 409 412
73: 416 419 424 428
74: 432 437 442 447
75: 453 458 465 2725
76: 2655 2613 2553 2392
77: 2427 2410 2351 2325
78: 2281 2244 2191 2161
79: 2094 2061 2033 2067
80: 1993 1949 1917 1899
81: 1875 1850 1830 1812
82: 1791 1776 1758 1729
83: 1761 1715 1699 1686
84: 1676 1664 1652 1640
85: 1633 1626 1613 1602
86: 1597 1589 1587 1161
87: 1163 1158 1151 1151
88: 1151 1146 1144
89: 1140 1142 1152 1156
0: 1137 1142 1142 1143
1: 1147 1162 1166 1157
2: 1155 1161 1161 1168
3: 1174
4: 1212 1210 1246
5: 1228 1248 1249 1295
6: 1310 1322 1333 1342
7: 1357 1370 1386 1399
8: 1417 1435 1449
9:
10:
11: 882
12: 1148 1130
13: 1113 1103 1088 1075
14: 1063 1051 1040 1029
15: 1006 1000 985 977
16: 988 993 1013 1054
17: 4747
18: 4535 4489 4589
19:
20:
21: 4621 4665 4854 4916
22: 4781 4854 4836 4512
23: 3402 3272
24: 3450 3450 3413
25:
26:
27: 3878
28: 1385 1083 1043
29: 997 892 895
30: 911 920 923 935
31: 950 962
32: 1002 1009 1020 1029
33: 998 1017 1027 1040
34: 1060 1085 1105 1130
35: 1276 1301 1317 1186
36: 1170 1215 1374
37: 1804 1867 1583 1568
38: 1551 1538 1525 1512
39: 1504 1483 1477 1476
40: 1462 1455 1449 1445
41: 1438 1431 1426 1422
42: 1415 1415 1409 1408
43: 1404 1399 1399 1398
44: 1390 1392 1392 1397
45: 1364 1416 1836 2172
46: 2200 2157 2198
47: 2198 2170 2162 2212
48: 2206 2002 2112 2264
49: 2285 2038 1985 1962
50: 1934 1907 2038
51: 1029 1041 1070 2043
52: 897 822 777
53: 746 725 704 685
54: 667 425
55: 423 421 422 422
56: 422 422 422 422
57: 423 424 424 425
58: 426 427 429 431
59:
60: 446 447
61: 451 453 458 461
62: 464 469
63:
64: 1016 1081
65: 1081 1089
66:
67: 1271
68: 766 967 375
69: 378 379 381 382
70: 384 385 387 389
71: 391 394 396 399
72: 402 405 409 412
73: 416 419 424 428
74: 432 437 442 447
75: 453 458 465 2756
76: 2663 2620 2549 2392
77: 2452 2397 2360 2313
78: 2289 2234 2191 2149
79: 2093 2061 2030 2093
80: 1993 1953 1920 1897
81: 1872 1852 1831 1801
82: 1795 1769 1756 1730
83: 1753 1714 1703 1685
84: 1673 1662 1652 1639
85: 1634 1625 1617 1609
86: 1597 1594 1585 1165
87: 1158 1159 1155 1150
88: 1153 1146 1145
89: 1144 1141 1152 1156
0: 1139 1142 1147
1: 1155 1184 1170 1152
2: 1164 1166 1163 1169
3: 1177
4: 1217 1227 1231
5: 1224 1225 1241 1295
6: 1311 1321 1332 1345
7: 1354 1370 1386 1401
8: 1418 1438 1447
9:
10:
11: 880
12: 1149 1130
13: 1115 1102 1088 1075
14: 1062 1050 1040 1029
15: 1007 999 985 977
16: 991 1013 1055
17: 4747
18: 4523 4957 4562
19:
20:
21: 4423 4806 4677 4836
22: 4751 4785 4768 4482
23: 3462
24: 3428 3539 3546
25:
26:
27: 3970 3625
28: 1389 1088 1044
29: 1000 892 895
30: 911 919 923 936
31: 950 962
32: 1004 1011 1021 1025
33: 998 1016 1028 1040
34: 1060 1081 1107 1129
35: 1278 1298 1314 1184
36: 1172 1209 1303 1368
37: 1808 1866 1581 1564
38: 1554 1540 1526 1517
39: 1505 1483 1479 1476
40: 1465 1454 1448 1446
41: 1437 1429 1426 1424
42: 1417 1417 1410 1407
43: 1403 1394 1398 1399
44: 1384 1395 1393 1396
45: 1364 1418 1842 2170
46: 2191 2152 2189
47: 2183 2156 2169 2201
48: 2207 1998 2141 2257
49: 2297 2040 1988 1954
50: 1930 1909 2046
51: 1029 1042 1070 2053
52: 896 823 776
53: 745 725 703 684
54: 666 425
55: 423 422 422 422
56: 422 421 422 422
57: 423 424 423 425
58: 426 427 429 430
59:
60: 446 447
61: 451 454 457 461
62: 464 469
63:
64: 1015 1082
65: 1082 1090
66:
67: 1276
68: 766 977
69: 378 379 381 382
70: 384 385 387 389
71: 391 394 396 399
72: 402 405 409 412
73: 416 419 424 428
74: 432 437 442 447
75: 453 459 465 2766
76: 2638 2619 2550 2425
77: 2442 2406 2353 2340
78: 2285 2234 2130
79: 2098 2064 2030 2086
80: 1991 1947 1926 1900
81: 1877 1857 1831 1817
82: 1790 1774 1765 1733
83: 1755 1716 1707 1684
84: 1669 1663 1652 1642
85: 1633 1626 1616 1602
86: 1596 1592 1586 1168
87: 1161 1159 1154 1152
88: 1149 1145 1143
89: 1153 1140 1152 1153
0: 1141 1142 1148 1149
1: 1154 1159 1166 1159
2: 1165 1161 1160 1168
3: 1174
4: 1226 1207 1231
5: 1238 1244 1231 1289
6: 1311 1321 1332 1345
7: 1356 1371 1385 1402
8: 1419 1438 1453
9:
10:
11: 882
12: 1148 1129
13: 1113 1101 1087 1075
14: 1062 1051 1041 1029
15: 1006 1002 982 977
16: 990 1013 1056
17: 4640
18: 4823 4482 4589
19:
20:
21: 4648 4806 4793 4730
22: 4759 4867 4916 4581
23: 3409
24: 3562 3448 3442
25:
26:
27: 3809 3548
28: 1384 1087 1046 842
29: 1000 891 896
30: 911 919 924 935
31: 951 962
32: 1006 1010 1020 1028
33: 997 1015 1031 1040
34: 1061 1077 1106 1130
35: 1277 1302 1313 1183
36: 1166 1207 1314 1371
37: 1810 1866 1577 1568
38: 1553 1541 1528 1513
39: 1505 1485 1480 1473
40: 1462 1457 1449 1440
41: 1436 1432 1424 1423
42: 1418 1412 1408
43: 1403 1396 1401 1400
44: 1379 1392 1391 1397
45: 1363 1417 1839 2174
46: 2191 2154 2189
47: 2173 2175 2162 2204
48: 2196 2027 2118 2271
49: 2283 2039 1987 1956
50: 1934 1909 2046
51: 1029 1042 1071 2046
52: 896 824 777
53: 744 724 704 684
54: 665 425
55: 423 422 422 422
56: 422 421 422 422
57: 423 424 424 425
58: 426 426 428 430
59:
60: 446 447
61: 451 453 457 461
62: 464 468
63:
64: 1015 1081
65: 1081 1090
66:
67: 1274
68: 766 969 376
69: 378 379 381 382
70: 384 385 387 389
71: 392 394 396 399
72: 402 405 409 412
73: 416 419 423 428
74: 432 437 442 448
75: 453 458 465 2811
76: 2648 2601 2553 2421
77: 2451 2413 2359 2310
78: 2286 2239 2178 2125
79: 2098 2061 2030 2070
80: 1992 1949 1921 1896
81: 1877 1849 1831 1812
82: 1796 1775 1759 1736
83: 1750 1717 1700 1688
84: 1675 1663 1653 1643
85: 1635 1624 1616 1610
86: 1596 1593 1588 1162
87: 1160 1157 1154 1157
88: 1148 1150 1146
89: 1148 1138 1150 1151
0: 1141 1144 1153 1148
1: 1147 1162 1159 1164
2: 1164 1154 1161 1179
3: 1175
4: 1202 1223 1233
5: 1235 1241 1233 1291
6: 1311 1320 1333 1346
7: 1357 1368 1387 1400
8: 1421 1437 1453
9:
10:
11: 883
12: 1147 1130
13: 1114 1101 1088 1075
14: 1063 1049 1040 1029
15: 1006 1000 984 977
16: 994 1012 1056
17: 4661
18: 4589 4640 4845
19:
20:
21: 4573 4613 4539 4819
22: 4871 4854 4836 4661
23: 3468 3371
24: 3385 3424 3523
25:
26:
27: 3867
28: 1374 1084 1042
29: 995 891 897
30: 912 921 925 937
31: 951 962
32: 1009 1013 1019 1029
33: 1000 1016 1027 1039
34: 1058 1082 1107 1131
35: 1274 1305 1337 1184
36: 1171 1213 1390
37: 1804 1866 1572 1568
38: 1556 1541 1522 1513
39: 1502 1489 1480 1472
40: 1466 1456 1450 1446
41: 1439 1429 1427 1422
42: 1417 1414 1408
43: 1403 1398 1399 1399
44: 1385 1393 1391 1400
45: 1364 1421 1837 2176
46: 2196 2154 2189
47: 2188 2176 2159 2207
48: 2199 2027 2141 2256
49: 2285 2038 1987 1963
50: 1937 1910 2046
51: 1030 1041 1069 2045
52: 898 826 776
53: 746 723 704 685
54: 664 425
55: 423 422 422 422
56: 423 422 421 422
57: 423 423 423 425
58: 425 427 428 430
59:
60: 446 448
61: 451 454 458 461
62: 466 469 472
63:
64: 1017 1083
65: 1081 1090
66:
67: 1275
68: 764 969 376
69: 378 379 381 382
70: 384 385 387 389
71: 392 394 396 399
72: 402 405 408 412
73: 416 419 424 428
74: 432 437 442 447
75: 453 458 464 2755
76: 2674 2599 2553 2391
77: 2455 2417 2348 2314
78: 2295 2244 2183 2147
79: 2097 2060 2029 2073
80: 1993 1949 1924 1902
81: 1876 1851 1832 1807
82: 1795 1774 1762 1730
83: 1754 1715 1703 1687
84: 1672 1663 1644
85: 1634 1623 1617 1606
86: 1603 1592 1584 1162
87: 1160 1159 1156 1149
88: 1151 1155 1146
89: 1140 1151 1154
0: 1139 1143 1145
1: 1148 1160 1164 1161
2: 1166 1156 1164 1176
3: 1175
4: 1216 1234 1213
5: 1232 1249 1255 1295
6: 1310 1321 1334 1347
7: 1357 1371 1385 1402
8: 1419 1436 1455
9:
10:
11: 884
12: 1148 1130
13: 1114 1102 1088 1074
14: 1063 1050 1039 1028
15: 1005 1001 983 977
16: 991 996 1012 1056
17: 4789
18: 4747 4628 4709
19:
20:
21: 4640 4581 4709 4781
22: 4836 4854 4836 4558
23: 3468
24: 3470 3462 3530
25:
26:
27: 3788 3551
28: 1388 1086 1044
29: 1000 891 896
30: 910 919 924 935
31: 951 962
32: 1012 1012 1019 1030
33: 1001 1017 1029 1040
34: 1060 1082 1104 1132
35: 1274 1298 1311 1182
36: 1171 1213 1314 1369
37: 1809 1865 1581 1569
38: 1551 1534 1524 1513
39: 1500 1486 1480 1473
40: 1466 1456 1451 1444
41: 1440 1431 1427 1423
42: 1418 1415 1409 1405
43: 1405 1399 1395 1396
44: 1385 1394 1391 1399
45: 1366 1420 1836 2172
46: 2196 2163 2205
47: 2194 2177 2155 2209
48: 2200 1997 2143 2258
49: 2292 2038 1988 1949
50: 1930 1902 2044
51: 1031 1043 1069 2049
52: 897 824 777
53: 746 724 704 685
54: 666 425
55: 423 422 422 422
56: 422 421 421 422
57: 422 422 423 425
58: 425 426 428 430
59:
60: 445 447
61: 450 453 457 460
62: 465 468
63:
64: 1017 1081
65: 1082 1091
66:
67: 1278
68: 766 376
69: 378 379 381 382
70: 384 385 387 389
71: 392 394 396 399
72: 402 405 408 412
73: 416 419 423 428
74: 432 437 442 447
75: 453 459 465 2775
76: 2665 2619 2559 2407
77: 2455 2395 2350 2318
78: 2260 2222 2187 2123
79: 2096 2061 2032 2063
80: 1995 1947 1921 1902
81: 1874 1851 1832 1812
82: 1787 1780 1757 1739
83: 1753 1716 1703 1683
84: 1671 1663 1644
85: 1633 1623 1617 1612
86: 1596 1596 1586 1163
87: 1162 1162 1153 1148
88: 1149 1148 1142
89: 1156 1138 1152 1153
0: 1139 1143 1144 1147
1: 1146 1161 1164 1161
2: 1162 1151 1160
3: 1174
4: 1212 1231 1224
5: 1238 1229 1237 1291
6: 1310 1321 1333 1346
7: 1358 1371 1388 1401
8: 1418 1433 1450
9:
10:
11: 883
12: 1149 1130
13: 1114 1102 1088 1074
14: 1062 1050 1040 1029
15: 1005 1000 984 977
16: 992 995 1012 1056
17: 4785
18: 4858 4943 4554
19:
20:
21: 4562 4810 4685 4993
22: 4934 4898 4815 4693
23: 3477
24: 3433 3479 3457
25:
26:
27: 3887 3630
28: 1386 1086 1045 851
29: 1001 893 895
30: 911 919 925 936
31: 952 962
32: 1008 1012 1021 1030
33: 1001 1018 1031 1039
34: 1062 1082 1108 1130
35: 1278 1307 1319 1182
36: 1160 1218 1383
37: 1813 1865 1577 1566
38: 1551 1540 1524 1510
39: 1500 1486 1478 1475
40: 1464 1455 1451 1441
41: 1437 1432 1426 1423
42: 1417 1415 1405
43: 1404 1399 1399 1400
44: 1383 1394 1393 1397
45: 1364 1420 1838 2163
46: 2195 2156 2183
47: 2198 2175 2162 2210
48: 2195 1999 2120 2267
49: 2289 2038 1991 1958
50: 1935 1906 2046
51: 1030 1042 1069 2050
52: 898 820 777
53: 747 724 704 686
54: 666 425
55: 423 422 422 422
56: 422 421 421 422
57: 422 422 423 425
58: 425 427 428 430
59:
60: 446 447
61: 450 454 457 460
62: 464 468
63:
64: 1017 1084
65: 1080 1092
66:
67: 1272
68: 766 376
69: 378 380 381 382
70: 383 385 387 389
71: 392 394 396 399
72: 402 405 409 412
73: 416 419 424 428
74: 433 437 442 447
75: 453 459 465 2723
76: 2654 2598 2551 2410
77: 2451 2400 2358 2326
78: 2267 2245 2183 2126
79: 2096 2061 2031 2073
80: 1989 1947 1924 1896
81: 1873 1850 1831 1809
82: 1796 1774 1760 1741
83: 1755 1716 1700 1682
84: 1675 1662 1648 1640
85: 1635 1625 1608 1607
86: 1599 1597 1584 1160
87: 1161 1161 1154 1157
88: 1149 1148 1143
89: 1149 1139 1153 1154
0: 1137 1142 1145 1144
1: 1148 1160 1167 1166
2: 1164 1156 1159
3: 1169 1197
4: 1217 1226 1216
5: 1227 1232 1256 1294
6: 1310 1321 1333 1345
7: 1359 1372 1385 1403
8: 1420 1437 1454
9:
10:
11: 884
12: 1148 1130
13: 1114 1102 1088 1075
14: 1062 1051 1040 1028
15: 1005 1002 984 977
16: 991 994 1013 1054
17: 4938
18: 4693 4597 4781
19:
20:
21: 4338 4734 4867 4776
22: 4885 4998 4734 4546
23: 3422 3424
24: 3520 3473 3518
25:
26:
27: 3828
28: 1387 1085 1044
29: 1000 892 896
30: 911 920 925 936
31: 950 961
32: 1004 1010 1022 1029
33: 998 1018 1029 1038
34: 1061 1083 1108 1129
35: 1280 1300 1316 1177
36: 1180 1217 1320 1368
37: 1809 1867 1578 1566
38: 1554 1540 1528 1516
39: 1501 1485 1477 1476
40: 1465 1457 1450 1445
41: 1437 1431 1427 1423
42: 1416 1414 1408
43: 1404 1398 1397 1398
44: 1381 1395 1391 1398
45: 1366 1417 1841 2170
46: 2186 2143 2198
47: 2191 2191 2161 2209
48: 2214 2059 2065 2264
49: 2288 2039 1989 1954
50: 1931 1906 2049
51: 1029 1043 1070 2050
52: 897 825 776
53: 746 724 703 684
54: 665 425
55: 423 422 422 422
56: 422 421 421 422
57: 422 422 423 425
58: 425 427 428 430
59:
60: 445 447
61: 449 454 457 460
62: 464 468
63: 482
64: 1013 1081
65: 1082 1090
66:
67: 1272
68: 768 375 376
69: 378 379 381 382
70: 383 385 387 389
71: 392 394 396 399
72: 402 405 408 412
73: 416 419 424 427
74: 433 437 442 448
75: 453 458 465 2749
76: 2682 2589 2561 2390
77: 2453 2406 2354 2328
78: 2282 2231 2186 2150
79: 2093 2062 2029 2080
80: 1990 1952 1924 1900
81: 1873 1850 1836 1812
82: 1798 1774 1762 1727
83: 1752 1712 1697 1688
84: 1673 1664 1641
85: 1633 1624 1608 1607
86: 1600 1596 1583 1166
87: 1163 1159 1148 1148
88: 1150 1148 1143
89: 1140 1151 1155
0: 1139 1142 1142 1145
1: 1146 1160 1160 1160
2: 1156 1165 1166
3: 1177
4: 1205 1212 1224
5: 1238 1237 1235 1289
6: 1311 1319 1331 1346
7: 1358 1373 1385 1400
8: 1418 1439 1453
9:
10:
11: 885
12: 1148 1130
13: 1115 1100 1089 1075
14: 1063 1049 1040 1028
15: 1005 1001 983 977
16: 991 1012 1056
17: 4701
18: 4550 4789 4764
19:
20:
21: 4648 4793 4764 4925
22: 4925 4751 4885 4718
23: 3453 3498
24: 3418 3341 3509
25:
26:
27: 3815
28: 1386 1087 1044
29: 1001 892 896
30: 911 921 924 936
31: 950 963
32: 1006 1010 1022 1030
33: 999 1018 1031 1038
34: 1061 1089 1109 1129
35: 1275 1304 1318 1179
36: 1177 1208 1317 1363
37: 1808 1869 1581 1566
38: 1552 1542 1520 1511
39: 1503 1487 1481 1476
40: 1464 1456 1448 1443
41: 1437 1430 1428 1421
42: 1417 1414 1409
43: 1403 1399 1399 1396
44: 1383 1393 1392 1399
45: 1367 1421 1836 2172
46: 2193 2157 2191
47: 2194 2171 2159 2208
48: 2204 1998 2112 2262
49: 2293 2039 1990 1955
50: 1931 1909 2044
51: 1030 1042 1070 2046
52: 898 827 777
53: 744 725 704 685
54: 666 424
55: 423 422 422 422
56: 422 421 421 422
57: 422 422 423 425
58: 425 427 428 430
59:
60: 446 448
61: 448 454 456 460
62: 463 467
63:
64: 1015 1080
65: 1082 1087
66:
67: 1281
68: 765 375 376
69: 378 380 381 382
70: 384 385 387 389
71: 392 394 397 399
72: 402 405 412
73: 416 419 424 427
74: 433 437 442 448
75: 453 459 465 2770
76: 2670 2620 2555 2405
77: 2444 2399 2348 2323
78: 2268 2232 2178 2126
79: 2092 2061 2029 2086
80: 1991 1949 1919 1900
81: 1871 1854 1832 1812
82: 1794 1774 1758 1734
83: 1754 1711 1698 1685
84: 1673 1663 1642
85: 1634 1623 1618 1610
86: 1598 1595 1584 1164
87: 1159 1161 1156 1149
88: 1149 1148 1141
89: 1149 1139 1148 1154
0: 1135 1142 1143 1145
1: 1147 1160 1161 1158
2: 1157 1160 1163
3: 1173
4: 1204 1204 1227
5: 1213 1227 1242 1294
6: 1310 1320 1332 1346
7: 1356 1372 1383 1401
8: 1420 1435 1448
9:
10:
11: 883
12: 1146 1129
13: 1114 1101 1088 1074
14: 1063 1050 1040 1028
15: 1005 1001 983 977
16: 991 993 1012 1056
17: 4652
18: 4903 4734 4566
19:
20:
21: 4743 4566 4681 4751
22: 4929 4867 4863 4628
23: 3405 3574
24: 3241 3537 3450
25:
26:
27: 3887 3710
28: 1385 1088 1046 856
29: 1002 893 893
30: 912 919 924 936
31: 949 962
32: 1004 1012 1020 1028
33: 997 1015 1030 1041
34: 1060 1082 1110 1129
35: 1277 1308 1321 1181
36: 1168 1217 1379
37: 1807 1865 1583 1563
38: 1553 1539 1527 1516
39: 1504 1487 1481 1477
40: 1465 1455 1450 1440
41: 1437 1431 1428 1420
42: 1417 1415 1406
43: 1403 1399 1399 1397
44: 1383 1394 1391 1400
45: 1367 1424 1837 2174
46: 2191 2162 2200
47: 2201 2176 2162 2222
48: 2207 1999 2112 2260
49: 2294 2042 1991 1964
50: 1933 1905 2043
51: 1030 1041 1069 2043
52: 899 827 776
53: 747 726 705 686
54: 667 425
55: 423 422 422 422
56: 422 421 422 422
57: 422 422 423 425
58: 426 427 428 430
59:
60: 446 448
61: 449 454 456 459
62: 464 468
63:
64: 1017 1081
65: 1081 1092
66:
67: 1266
68: 760 376
69: 378 380 381 382
70: 384 385 387 389
71: 392 394 396 399
72: 402 405 408 412
73: 416 419 423 427
74: 432 437 442 448
75: 453 459 465 2738
76: 2662 2596 2564 2391
77: 2442 2402 2335 2328
78: 2277 2216 2184 2155
79: 2095 2060 2030 2074
80: 1993 1948 1923 1901
81: 1876 1848 1834 1811
82: 1796 1775 1758 1721
83: 1747 1714 1702 1690
84: 1672 1664 1652 1641
85: 1632 1624 1617 1606
86: 1600 1593 1587 1159
87: 1161 1156 1154 1158
88: 1148 1143 1144
89: 1152 1140 1153 1156
0: 1137 1142 1144
1: 1149 1159 1161 1158
2: 1161 1158 1161 1171
3: 1175
4: 1206 1226 1243
5: 1223 1245 1243 1293
6: 1311 1321 1333 1347
7: 1357 1373 1387 1402
8: 1419 1434 1450
9: 1470
10:
11: 883
12: 1146 1129
13: 1114 1101 1088 1075
14: 1062 1050 1040 1029
15: 1006 1000 984 978
16: 991 1013 1053
17: 4802
18: 4738 4657 4781
19:
20:
21: 4512 4934 4718 4871
22: 4858 4726 5021 4625
23: 3450
24: 3477 3431 3444
25:
26:
27: 3906 3647
28: 1370 1085 1043
29: 997 892 895
30: 912 920 925 936
31: 950 961
32: 1000 1013 1021 1027
33: 997 1016 1029 1040
34: 1060 1084 1105 1130
35: 1277 1301 1319 1180
36: 1179 1212 1315 1376
37: 1806 1865 1580 1568
38: 1554 1539 1524 1514
39: 1499 1485 1478 1474
40: 1465 1458 1452 1444
41: 1438 1431 1424 1424
42: 1416 1416 1409 1405
43: 1403 1397 1400 1398
44: 1381 1395 1392 1397
45: 1363 1418 1834 2162
46: 2195 2149 2180
47: 2200 2187 2160 2221
48: 2195 2001 2132 2252
49: 2294 2041 1987 1952
50: 1935 1905 2043
51: 1029 1043 1070 2044
52: 897 819 776
53: 746 723 703 685
54: 665 425
55: 423 422 422 422
56: 421 421 422 422
57: 422 422 423 425
58: 425 426 428 430
59:
60: 446 448
61: 449 454 456 460
62: 463 468
63:
64: 1015 1082
65: 1082 1091
66:
67: 1275
68: 767 375
69: 378 380 381 382
70: 384 385 387 389
71: 392 394 396 399
72: 402 405 409 412
73: 416 419 424 428
74: 433 437 442 448
75: 453 459 465 2731
76: 2654 2607 2540 2386
77: 2452 2406 2360 2322
78: 2276 2217 2176 2123
79: 2089 2061 2033 2074
80: 1993 1948 1925 1896
81: 1874 1851 1832 1812
82: 1795 1771 1761 1733
83: 1752 1715 1702 1680
84: 1672 1662 1642
85: 1634 1623 1618 1608
86: 1600 1594 1589 1164
87: 1163 1160 1155 1145
88: 1150 1146 1144
89: 1140 1150 1154
0: 1139 1144 1136 1145
1: 1147 1160 1162 1168
2: 1156 1158 1160 1179
3: 1177
4: 1209 1224
5: 1222 1245 1257 1286
6: 1311 1321 1333 1346
7: 1357 1373 1386 1402
8: 1419 1436 1449
9:
10:
11: 879
12: 1145 1129
13: 1115 1102 1088 1075
14: 1063 1051 1039 1029
15: 1006 1001 984 977
16: 990 994 1013 1055
17: 4652
18: 5050 4785 4832
19:
20:
21: 4520 4581 4802 4934
22: 4764 4810 4832 4539
23: 3383
24: 3475 3444 3327
25:
26:
27: 3834 3593
28: 1390 1086 1044
29: 998 892 895
30: 911 919 924 936
31: 950 961
32: 1002 1010 1020 1026
33: 996 1016 1030 1037
34: 1059 1080 1106 1129
35: 1276 1300 1316 1172
36: 1213 1316 1367
37: 1809 1864 1575 1568
38: 1551 1540 1528 1515
39: 1504 1485 1479 1470
40: 1466 1456 1450 1443
41: 1438 1430 1428 1420
42: 1416 1414 1408
43: 1405 1398 1397 1399
44: 1384 1394 1391 1399
45: 1362 1420 1838 2170
46: 2198 2143 2194
47: 2205 2177 2168 2223
48: 2199 1998 2116 2265
49: 2281 2039 1989 1959
50: 1933 1905 2045
51: 1030 1041 1069 2041
52: 900 823 777
53: 746 721 704 685
54: 666 425
55: 423 422 422 422
56: 422 421 421 422
57: 422 422 423 425
58: 426 427 429 431
59:
60: 446 448
61: 449 454 456 460
62: 464 468
63:
64: 1013 1082
65: 1082 1092
66:
67: 1268
68: 763 972 375
69: 378 380 381 383
70: 384 385 387 389
71: 392 394 396 399
72: 402 405 408 412
73: 416 419 423 427
74: 432 437 442 447
75: 453 459 465 2796
76: 2669 2594 2564 2395
77: 2461 2409 2352 2317
78: 2276 2231 2176 2127
79: 2095 2059 2029 2080
80: 1993 1951 1920 1899
81: 1876 1851 1834 1816
82: 1798 1772 1758 1727
83: 1751 1716 1695 1683
84: 1673 1663 1652 1641
85: 1634 1626 1614 1602
86: 1600 1594 1583 1165
87: 1162 1155 1154 1153
88: 1144 1149 1146
89: 1149 1141 1149 1156
0: 1137 1143 1142 1145
1: 1147 1159 1160 1156
2: 1158 1155 1163 1165
3: 1173
4: 1205 1218
5: 1243 1236 1240 1293
6: 1311 1321 1328 1344
7: 1352 1374 1386 1399
8: 1420 1433 1441
9:
10:
11: 883
12: 1144 1130
13: 1115 1102 1088 1075
14: 1063 1051 1040 1028
15: 1007 1000 985 977
16: 987 992 1013 1057
17: 4697
18: 4566 5045 4673
19:
20:
21: 4543 4657 4677 4841
22: 4880 4772 4815 4738
23: 3442 3407
24: 3565 3433 3488
25:
26:
27: 3780 3591
28: 1385 1085 1044
29: 997 892 897
30: 910 920 924 935
31: 951 962
32: 1002 1013 1020 1027
33: 998 1014 1032 1039
34: 1059 1085 1106 1130
35: 1278 1301 1319 1183
36: 1166 1218 1374
37: 1812 1866 1578 1565
38: 1553 1542 1528 1516
39: 1501 1484 1480 1474
40: 1465 1457 1449 1445
41: 1436 1433 1427 1422
42: 1416 1415 1410 1407
43: 1402 1398 1399 1397
44: 1376 1393 1390 1399
45: 1364 1417 1834 2174
46: 2195 2150 2178
47: 2195 2168 2161 2202
48: 2200 1997 2119 2267
49: 2281 2038 1991 1953
50: 1933 1908 2040
51: 1030 1041 1070 2042
52: 899 824 777
53: 747 724 705 684
54: 665 424
55: 423 422 422 422
56: 422 421 421 422
57: 423 423 424 425
58: 426 427 429 431
59:
60: 446 448
61: 450 454 458 461
62: 464 469
63:
64: 1017 1081
65: 1081 1092
66:
67: 1273
68: 765 968
69: 378 379 381 383
70: 384 385 387 389
71: 391 394 396 399
72: 402 405 409 412
73: 415 419 424 428
74: 432 437 442 447
75: 453 459 465 2746
76: 2682 2619 2549 2391
77: 2455 2409 2353 2309
78: 2295 2250 2189 2162
79: 2093 2061 2031 2080
80: 1990 1949 1919 1896
81: 1877 1857 1824 1816
82: 1789 1780 1759 1727
83: 1749 1711 1703 1690
84: 1672 1662 1650 1640
85: 1634 1624 1613 1606
86: 1601 1593 1589 1165
87: 1162 1159 1157 1152
88: 1155 1149 1146
89: 1137 1141 1154 1159
0: 1139 1140 1144
1: 1149 1163 1167 1162
2: 1163 1160 1162 1167
3: 1170
4: 1203 1212 1226
5: 1233 1246 1243 1294
6: 1310 1321 1331 1344
7: 1356 1371 1386 1402
8: 1420 1436 1448
9:
10:
11: 883
12: 1145 1130
13: 1115 1102 1089 1075
14: 1062 1050 1040 1028
15: 1006 999 983 978
16: 990 993 1014 1052
17: 4652
18: 3943 4747 4613 4854
19:
20:
21: 4512 4751 4738 4871
22: 4802 4889 4764 4589
23: 3371 3527
24: 3509 3446 3457
25:
26:
27: 3837 3608
28: 1387 1086 1041
29: 998 891 897
30: 912 920 925 936
31: 952 962
32: 1002 1012 1018 1028
33: 996 1014 1028 1039
34: 1059 1083 1107 1128
35: 1274 1302 1314 1181
36: 1168 1212 1312 1372
37: 1803 1864 1580 1569
38: 1551 1541 1527 1514
39: 1504 1487 1477 1474
40: 1464 1458 1451 1445
41: 1440 1432 1428 1422
42: 1417 1415 1408 1408
43: 1405 1398 1397 1397
44: 1374 1396 1392 1396
45: 1366 1416 1835 2165
46: 2197 2158 2187
47: 2193 2183 2162 2206
48: 2191 1995 2131 2268
49: 2282 2037 1987 1958
50: 1932 1907 2045
51: 1031 1042 1070 2047
52: 896 823 776
53: 747 723 703 685
54: 665 425
55: 423 422 422 422
56: 423 421 422 422
57: 423 424 424 425
58: 426 427 429 430
59:
60: 445 448
61: 451 453 457 461
62: 465 469
63:
64: 1013 1083
65: 1081 1090
66:
67: 1271
68: 765 966 376
69: 378 379 381 382
70: 383 385 387 389
71: 391 394 396 399
72: 402 405 409 412
73: 416 419 424 428
74: 432 437 442 448
75: 453 459 465 2732
76: 2671 2618 2536 2401
77: 2449 2402 2354 2308
78: 2293 2248 2143
79: 2100 2061 2031 2082
80: 1992 1947 1922 1897
81: 1877 1846 1829 1805
82: 1792 1779 1758 1734
83: 1750 1713 1700 1687
84: 1675 1663 1651 1642
85: 1631 1625 1616 1609
86: 1598 1594 1585 1159
87: 1160 1159 1158 1150
88: 1151 1148 1143
89: 1143 1140 1152 1156
0: 1136 1142 1149
1: 1148 1160 1168 1159
2: 1172 1164 1154 1164
3: 1175
4: 1202 1226 1216
5: 1219 1243 1233 1289
6: 1311 1321 1333 1346
7: 1358 1368 1385 1401
8: 1419 1436 1449
9: 1468
10:
11: 882
12: 1148 1130
13: 1115 1103 1088 1075
14: 1062 1050 1040 1029
15: 1005 999 984 977
16: 992 1012 1057
17: 4636
18: 4841 4929 4539
19:
20:
21: 4475 4764 4889 4738
22: 4836 4730 4920 4734
23: 3435
24: 3402 3507 3435
25:
26:
27: 3859 3345
28: 1385 1085 1045 849
29: 1001 892 895
30: 911 919 924 936
31: 950 962
32: 1001 1009 1020 1027
33: 997 1015 1031 1039
34: 1060 1080 1105 1129
35: 1276 1306 1313 1183
36: 1169 1216 1383
37: 1813 1869 1578 1564
38: 1550 1540 1528 1515
39: 1505 1487 1480 1476
40: 1465 1456 1453 1444
41: 1438 1430 1429 1422
42: 1417 1416 1407
43: 1403 1400 1399 1400
44: 1385 1395 1392 1399
45: 1362 1420 1835 2171
46: 2190 2161 2183
47: 2190 2160 2155 2208
48: 2197 2001 2138 2265
49: 2285 2038 1987 1959
50: 1932 1903 2048
51: 1029 1042 1069 2053
52: 896 819 776
53: 746 723 704 684
54: 665 425
55: 424 422 422 422
56: 422 421 422 422
57: 423 424 423 425
58: 426 426 428 430
59:
60: 446 448
61: 451 454 458 461
62: 465 468
63:
64: 1018 1082
65: 1081 1092
66:
67: 1281
68: 765 968 376
69: 378 379 380 382
70: 384 385 387 389
71: 392 394 396 399
72: 402 405 409 412
73: 416 419 424 427
74: 432 437 442 448
75: 453 459 465 2753
76: 2669 2593 2553 2404
77: 2444 2405 2347 2321
78: 2292 2228 2147
79: 2093 2061 2031 2081
80: 1992 1948 1922 1899
81: 1873 1854 1830 1812
82: 1795 1776 1759 1743
83: 1753 1711 1704 1688
84: 1675 1663 1654 1641
85: 1633 1625 1617 1605
86: 1598 1595 1586 1162
87: 1162 1157 1156 1148
88: 1151 1142 1142
89: 1148 1139 1147 1151
0: 1141 1144 1148 1148
1: 1156 1162 1170 1164
2: 1168 1155 1163 1174
3: 1169
4: 1197 1211 1241
5: 1222 1249 1239 1291
6: 1310 1321 1333 1345
7: 1358 1373 1386 1402
8: 1419 1437 1454
9:
10:
11: 884
12: 1152 1132
13: 1113 1101 1088 1075
14: 1062 1051 1039 1028
15: 1006 1000 985 977
16: 991 1013 1057
17: 4948
18: 4636 4665 4705
19:
20:
21: 4380 4625 4738 4806
22: 4759 4871 4916 4640
23: 3484
24: 3468 3511
25:
26:
27: 3839 3674
28: 1391 1088 1045
29: 999 892 896
30: 911 919 923 936
31: 951 963
32: 1002 1010 1020 1029
33: 997 1016 1028 1039
34: 1059 1082 1107 1129
35: 1276 1302 1297 1185
36: 1173 1217 1382
37: 1810 1870 1583 1562
38: 1554 1537 1525 1513
39: 1505 1485 1478 1473
40: 1464 1458 1451 1443
41: 1438 1433 1428 1422
42: 1417 1414 1409 1407
43: 1405 1398 1399 1397
44: 1384 1392 1390 1399
45: 1366 1421 1838 2169
46: 2195 2146 2197
47: 2198 2187 2160 2199
48: 2210 2056 2079 2256
49: 2280 2043 1989 1951
50: 1931 1902 2044
51: 1030 1042 1069 2045
52: 898 824 775
53: 746 724 702 684
54: 665 425
55: 423 422 422 422
56: 423 421 421 422
57: 423 423 423 425
58: 425 426 428 430
59:
60: 446 448
61: 451 454 458 460
62: 465 468 473
63:
64: 1018 1084
65: 1082 1093
66:
67: 1275
68: 763 969 376
69: 378 379 381 382
70: 383 385 387 389
71: 391 394 396 399
72: 402 405 408 412
73: 416 419 424 428
74: 432 437 442 448
75: 453 459 465 2773
76: 2665 2615 2551 2405
77: 2449 2408 2358 2315
78: 2282 2231 2178 2151
79: 2093 2061 2029 2056
80: 1993 1946 1919 1896
81: 1872 1855 1831 1812
82: 1793 1773 1759 1731
83: 1753 1713 1703 1691
84: 1673 1663 1644
85: 1634 1624 1616 1609
86: 1599 1586 1586 1164
87: 1155 1160 1156 1146
88: 1145 1149 1142
89: 1139 1152 1151
0: 1139 1141 1148 1148
1: 1147 1159 1167 1161
2: 1159 1158 1159
3: 1173 1191
4: 1212 1216 1236
5: 1228 1231 1255 1296
6: 1309 1322 1331 1345
7: 1357 1372 1383 1404
8: 1419 1438 1451
9:
10:
11: 884
12: 1149 1130
13: 1115 1101 1088 1075
14: 1062 1051 1040 1028
15: 1006 999 983 977
16: 986 994 1013 1057
17: 4806
18: 4562 4751 4669
19:
20:
21: 4430 4798 4693 4836
22: 4889 4828 4759 4589
23: 3493
24: 3473 3509 3327
25:
26:
27: 3826 3649
28: 1386 1084 1046 842
29: 1001 892 896
30: 910 920 925 936
31: 953 962
32: 1002 1010 1016 1025
33: 999 1015 1030 1040
34: 1059 1086 1106 1129
35: 1276 1304 1315 1183
36: 1217 1307 1366
37: 1811 1864 1579 1565
38: 1553 1539 1525 1512
39: 1505 1483 1483 1475
40: 1464 1456 1450 1445
41: 1439 1431 1425 1423
42: 1418 1414 1409 1406
43: 1405 1399 1397 1396
44: 1381 1393 1392 1399
45: 1364 1420 1841 2164
46: 2194 2157 2186
47: 2197 2177 2162 2211
48: 2197 1998 2137 2262
49: 2290 2039 1992 1959
50: 1933 1904 2043
51: 1031 1043 1071 2047
52: 895 821 778
53: 746 722 703 684
54: 666 424
55: 423 422 422 422
56: 423 422 421 422
57: 422 423 423 425
58: 425 427 428 430
59:
60: 446 447
61: 450 454 458 460
62: 464 468
63:
64: 1011 1080
65: 1082 1090
66:
67: 1269
68: 766 376
69: 378 380 380 382
70: 383 385 387 389
71: 392 394 396 399
72: 402 405 409 412
73: 416 419 424 428
74: 432 437 442 448
75: 453 458 465 2686
76: 2671 2613 2561 2407
77: 2442 2404 2345 2314
78: 2257 2229 2141
79: 2091 2061 2031 2071
80: 1991 1946 1921 1898
81: 1878 1851 1829 1818
82: 1799 1779 1758 1735
83: 1751 1717 1698 1686
84: 1673 1662 1643
85: 1635 1625 1614 1607
86: 1599 1594 1585 1162
87: 1155 1159 1155 1138
88: 1148 1144 1144
89: 1139 1153 1153
0: 1138 1142 1143 1147
1: 1148 1158 1155 1164
2: 1167 1158 1160 1171
3: 1176
4: 1211 1233 1240
5: 1242 1236 1248 1289
6: 1309 1319 1332 1346
7: 1356 1373 1385 1402
8: 1419 1436 1452
9:
10:
11: 882
12: 1148 1130
13: 1115 1103 1088 1075
14: 1063 1051 1040 1029
15: 1006 1000 983 977
16: 989 994 1013 1056
17: 4781
18: 4802 4815 4661
19:
20:
21: 4497 4785 4802 4802
22: 4903 4885 4681 4570
23: 3420
24: 3319 3377 3360
25:
26:
27: 3850 3684
28: 1389 1090 1047 847
29: 1001 894 895
30: 909 919 925 937
31: 952 962
32: 1002 1010 1017 1025
33: 998 1018 1031 1040
34: 1061 1082 1106 1129
35: 1279 1303 1330 1179
36: 1178 1217 1372
37: 1808 1870 1577 1564
38: 1550 1537 1528 1512
39: 1502 1486 1480 1473
40: 1466 1458 1451 1446
41: 1438 1431 1429 1420
42: 1417 1412 1407
43: 1404 1399 1399 1397
44: 1384 1392 1393 1399
45: 1363 1422 1843 2183
46: 2191 2152 2188
47: 2177 2188 2163 2203
48: 2200 2003 2114 2261
49: 2292 2039 1987 1952
50: 1934 1906 2044
51: 1031 1042 1070 2043
52: 895 823 780
53: 746 724 704 686
54: 665 425
55: 423 422 422 422
56: 423 422 421 422
57: 422 422 423 425
58: 425 427 428 430
59:
60: 445 448
61: 450 453 457 460
62: 465 468
63:
64: 1017 1082
65: 1082 1091
66:
67: 1274
68: 765 989 376
69: 378 379 381 382
70: 383 385 387 389
71: 392 394 396 399
72: 402 405 409 412
73: 416 419 423 428
74: 432 437 442 448
75: 453 459 465 2809
76: 2642 2590 2556 2416
77: 2448 2400 2353 2322
78: 2260 2228 2203 2160
79: 2093 2060 2029 2065
80: 1989 1949 1926 1902
81: 1877 1853 1829 1810
82: 1797 1779 1759 1745
83: 1754 1717 1702 1689
84: 1674 1661 1654 1641
85: 1632 1626 1614 1610
86: 1601 1586 1587 1164
87: 1158 1156 1156 1145
88: 1144 1145 1142
89: 1140 1151 1154
0: 1140 1142 1145
1: 1150 1156 1163 1161
2: 1158 1156 1161 1181
3: 1173 1191
4: 1204 1210 1215
5: 1224 1224 1244 1295
6: 1310 1320 1333 1345
7: 1356 1370 1384 1401
8: 1420 1437 1452
9:
10:
11: 883
12: 1149 1130
13: 1114 1102 1089 1074
14: 1062 1051 1039 1028
15: 1006 1001 982 977
16: 989 996 1013 1057
17: 4871
18: 4597 4798 4806
19:
20:
21: 4352 4527 4858 4858
22: 4789 4925 4681 4512
23: 3428
24: 3276 3442 3514
25:
26:
27: 3804 3669
28: 1391 1087 1044
29: 996 892 897
30: 912 919 924 936
31: 951 963
32: 1001 1009 1018 1027
33: 999 1015 1030 1039
34: 1058 1085 1105 1128
35: 1278 1305 1325 1187
36: 1175 1209 1313 1372
37: 1811 1867 1577 1567
38: 1551 1541 1524 1517
39: 1500 1486 1478 1475
40: 1463 1457 1450 1444
41: 1438 1432 1426 1421
42: 1418 1415 1406
43: 1405 1396 1398 1399
44: 1383 1395 1392 1397
45: 1366 1420 1837 2172
46: 2193 2152 2202
47: 2200 2185 2162 2186
48: 2197 2145 2132 2259
49: 2288 2036 1996 1960
50: 1933 1906 2044
51: 1030 1042 1071 2043
52: 825 780
53: 746 726 705 686
54: 667 425
55: 423 422 422 422
56: 422 421 421 422
57: 422 422 423 425
58: 425 427 428 430
59:
60: 445 448
61: 449 454 457 460
62: 465 468
63:
64: 1016 1083
65: 1081 1092
66:
67: 1276
68: 766 376
69: 378 380 380 382
70: 383 385 387 389
71: 391 394 396 399
72: 402 405 408 412
73: 416 419 423 428
74: 433 437 442 447
75: 453 459 465 2738
76: 2675 2620 2562 2396
77: 2434 2407 2351 2320
78: 2272 2227 2192 2153
79: 2093 2058 2029 2060
80: 1990 1949 1919 1899
81: 1875 1855 1824 1810
82: 1798 1774 1761 1732
83: 1749 1711 1699 1688
84: 1672 1661 1644
85: 1634 1626 1612 1609
86: 1600 1591 1586 1161
87: 1159 1159 1158 1151
88: 1146 1148 1144
89: 1156 1139 1152 1155
0: 1139 1140 1143 1146
1: 1147 1161 1161 1161
2: 1156 1160 1161
3: 1174
4: 1213 1225 1242
5: 1220 1238 1255 1293
6: 1309 1321 1333 1346
7: 1358 1372 1383 1403
8: 1419 1436 1453
9:
10:
11: 885
12: 1147 1130
13: 1114 1102 1088 1076
14: 1063 1050 1039 1029
15: 1005 1001 984 976
16: 997 1013 1057
17: 4798
18: 4772 4697 4828
19:
20:
21: 4589 4867 4832 4776
22: 4751 4907 4854 4486
23: 3418
24: 3495 3446 3546
25:
26:
27: 3943 3373
28: 1390 1086 1044 836
29: 998 893 896
30: 911 919 923 936
31: 951 962
32: 1003 1009 1019 1027
33: 1000 1016 1032 1037
34: 1056 1084 1108 1129
35: 1276 1306 1314 1179
36: 1218 1323 1361
37: 1808 1871 1578 1567
38: 1553 1539 1525 1513
39: 1501 1487 1479 1477
40: 1464 1458 1450 1444
41: 1437 1433 1427 1421
42: 1418 1415 1407
43: 1405 1399 1399 1400
44: 1384 1395 1393 1397
45: 1367 1423 1838 2166
46: 2196 2151 2180
47: 2202 2180 2158 2214
48: 2196 1995 2260
49: 2286 2038 1990 1951
50: 1935 1907 2046
51: 1029 1042 1070 2042
52: 897 826 780
53: 747 726 706 687
54: 665 425
55: 423 421 422 422
56: 422 421 421 422
57: 422 422 423 425
58: 425 427 428 430
59:
60: 446 448
61: 449 455 457 460
62: 464 468
63:
64: 1016 1080
65: 1081 1089
66:
67: 1271
68: 765 376
69: 378 380 381 382
70: 384 385 387 389
71: 391 394 396 399
72: 402 405 409 412
73: 416 419 424 428
74: 432 437 442 447
75: 453 459 465 2779
76: 2669 2615 2552 2404
77: 2443 2394 2358 2334
78: 2252 2230 2182 2146
79: 2095 2061 2033 2073
80: 1991 1947 1925 1903
81: 1873 1858 1827 1816
82: 1793 1776 1754 1734
83: 1751 1715 1700 1687
84: 1671 1664 1643
85: 1634 1625 1616 1606
86: 1597 1594 1586 1163
87: 1160 1160 1151 1152
88: 1145 1147 1143
89: 1144 1139 1149 1154
0: 1138 1140 1143 1146
1: 1150 1162 1159 1161
2: 1167 1160 1158 1167
3: 1175
4: 1214 1226 1235
5: 1239 1219 1225 1292
6: 1311 1320 1333 1345
7: 1357 1374 1385 1401
8: 1419 1436 1450
9:
10:
11: 883
12: 1145 1130
13: 1115 1101 1088 1076
14: 1064 1050 1040 1028
15: 1006 1000 984 977
16: 993 1012 1056
17: 4898
18: 4539 4832 4625
19:
20:
21: 4427 4628 4961 4876
22: 4819 4836 4785 4759
23: 3405
24: 3453 3442 3475
25:
26:
27: 3823 3635
28: 1385 1086 1044 839
29: 1001 893 896
30: 912 919 924 936
31: 950 961
32: 1002 1009 1019 1027
33: 999 1017 1035 1039
34: 1060 1084 1107 1130
35: 1276 1306 1321 1185
36: 1166 1213 1304 1376
37: 1801 1867 1581 1569
38: 1550 1540 1527 1513
39: 1502 1483 1478 1474
40: 1462 1453 1453 1444
41: 1437 1433 1428 1423
42: 1417 1415 1409
43: 1405 1398 1398 1398
44: 1379 1395 1393 1397
45: 1367 1423 1840 2173
46: 2198 2162 2183
47: 2185 2186 2164 2222
48: 2204 1994 2122 2258
49: 2297 2039 1989 1952
50: 1933 1906 2043
51: 1030 1042 1070 2085
52: 907 841 784
53: 753 726 702 682
54: 655 425
55: 423 422 422 422
56: 421 421 422 422
57: 422 422 423 425
58: 425 427 428 430
59:
60: 446 448
61: 449 454 457 459
62: 464 468
63:
64: 1016 1081
65: 1081 1091
66:
67: 1265
68: 765 376
69: 378 379 381 382
70: 384 385 387 389
71: 392 394 396 399
72: 402 405 408 412
73: 416 419 424 427
74: 432 437 442 448
75: 453 459 465 2727
76: 2659 2619 2562 2377
77: 2443 2396 2344 2309
78: 2274 2220 2183 2141
79: 2096 2061 2030 2082
80: 1990 1953 1925 1896
81: 1872 1850 1829 1813
82: 1795 1775 1757 1732
83: 1752 1712 1702 1686
84: 1675 1661 1651 1642
85: 1634 1627 1616 1609
86: 1599 1590 1584 1158
87: 1160 1160 1158
88: 1150 1148 1141
89: 1145 1140 1152 1155
0: 1139 1143 1144 1143
1: 1150 1158 1166 1164
2: 1156 1155 1162 1180
3: 1176
4: 1210 1228 1233
5: 1233 1248 1229 1291
6: 1312 1320 1332 1347
7: 1358 1373 1387 1401
8: 1418 1435 1444
9: 1471
10:
11: 883
12: 1146 1130
13: 1115 1101 1088 1074
14: 1061 1050 1039 1028
15: 1007 1001 985 978
16: 992 1013 1056
17: 4776
18: 4601 4776 4570
19:
20:
21: 4327 4845 4916 4876
22: 4832 4898 4685 4628
23: 3402
24: 3511 3405 3422
25:
26:
27: 3809 3537
28: 1392 1087 1044 838
29: 997 891 896
30: 912 920 925 935
31: 950 963
32: 1003 1009 1019 1027
33: 999 1017 1029 1039
34: 1058 1087 1108 1131
35: 1274 1300 1319 1186
36: 1163 1216 1314 1369
37: 1811 1866 1582 1564
38: 1551 1539 1529 1515
39: 1499 1484 1479 1474
40: 1467 1452 1451 1444
41: 1437 1432 1429 1422
42: 1416 1416 1409 1405
43: 1404 1399 1398 1398
44: 1377 1392 1391 1397
45: 1365 1421 1835 2176
46: 2193 2155 2200
47: 2183 2171 2166 2213
48: 2188 2001 2115 2265
49: 2280 2040 1993 1953
50: 1930 1909 2044
51: 1030 1043 1070 2092
52: 852 785
53: 749 718 695 671
54: 425
55: 423 422 422 422
56: 422 421 422 422
57: 423 422 423 425
58: 425 427 428 430
59:
60: 446 448
61: 448 454 457 459
62: 464 468 473
63:
64: 1015 1082
65: 1080 1093
66:
67: 1268
68: 768 375
69: 378 380 381 383
70: 383 385 387 389
71: 392 394 396 399
72: 402 405 408 412
73: 416 420 423 428
74: 433 437 442 448
75: 453 459 465 2686
76: 2665 2604 2541 2395
77: 2447 2394 2353 2316
78: 2270 2223 2203 2156
79: 2094 2061 2030 2072
80: 1993 1951 1925 1897
81: 1872 1855 1835 1816
82: 1797 1769 1764 1738
83: 1751 1715 1701 1688
84: 1677 1662 1642
85: 1637 1624 1616 1609
86: 1599 1593 1588 1163
87: 1161 1157 1156 1155
88: 1146 1146 1143
89: 1141 1141 1149 1156
0: 1140 1146 1142 1145
1: 1147 1159 1164 1164
2: 1161 1159 1161 1180
3: 1175
4: 1211 1219 1232
5: 1231 1229 1244 1290
6: 1311 1320 1334 1346
7: 1358 1373 1385 1401
8: 1418 1437 1450
9:
10:
11: 883
12: 1145 1129
13: 1115 1101 1088 1074
14: 1061 1050 1040 1029
15: 1005 1000 984 977
16: 990 993 1012 1058
17: 4903
18: 4929 4689 4764
19:
20:
21: 4475 4512 4636 4815
22: 4768 4764 4747 4577
23: 3484
24: 3358 3484 3514
25:
26:
27: 3775 3756
28: 1381 1086 1043
29: 997 892 895
30: 913 920 925 936
31: 950 961
32: 1002 1009 1019 1027
33: 1000 1015 1031 1039
34: 1058 1085 1105 1130
35: 1272 1300 1317 1176
36: 1210 1312 1371
37: 1801 1874 1574 1568
38: 1550 1539 1522 1517
39: 1505 1487 1481 1475
40: 1464 1456 1452 1443
41: 1438 1431 1428 1424
42: 1416 1415 1409
43: 1405 1398 1398 1399
44: 1387 1395 1392 1399
45: 1365 1420 1839 2174
46: 2191 2155 2184
47: 2173 2188 2164 2219
48: 2201 1997 2147 2268
49: 2283 2039 1988 1961
50: 1930 1904 2041
51: 1030 1042 1071 2085
52: 860 786
53: 749 719 696 673
54: 425
55: 423 422 422 422
56: 421 421 421 422
57: 423 422 423 424
58: 426 427 429 430
59:
60: 446 448
61: 449 454 457 460
62: 464 468
63:
64: 1014 1082
65: 1081 1089
66:
67: 1272
68: 765 963
69: 378 380 382 383
70: 384 385 387 389
71: 392 394 397 399
72: 402 405 408 412
73: 416 419 424 428
74: 432 437 442 447
75: 453 458 465 2709
76: 2667 2595 2567 2384
77: 2453 2410 2348 2312
78: 2290 2231 2197 2164
79: 2098 2062 2033 2090
80: 1989 1951 1924 1900
81: 1875 1850 1829 1811
82: 1797 1777 1758 1733
83: 1751 1714 1700 1688
84: 1675 1664 1653 1640
85: 1633 1625 1616 1606
86: 1600 1594 1589 1161
87: 1158 1161 1154 1147
88: 1147 1146 1148
89: 1141 1152 1157
0: 1137 1142 1144 1147
1: 1156 1162 1166 1162
2: 1157 1156 1158 1170
3: 1175
4: 1223 1239 1240
5: 1237 1244 1234 1292
6: 1311 1321 1332 1346
7: 1358 1373 1387 1403
8: 1420 1433 1450
9:
10:
11: 881
12: 1147 1130
13: 1115 1102 1087 1074
14: 1062 1051 1040 1029
15: 1006 1001 984 977
16: 991 1012 1055
17: 4810
18: 4419 4925 4657
19:
20:
21: 4501 4850 4613 4776
22: 4819 4885 4772 4738
23: 3484 3229
24: 3394 3413 3603
25:
26:
27: 3748 3593
28: 1386 1085 1044
29: 998 892 898
30: 911 919 925 935
31: 951 962
32: 1003 1012 1021 1027
33: 999 1018 1027 1039
34: 1060 1086 1107 1130
35: 1274 1304 1314 1186
36: 1163 1215 1314 1368
37: 1811 1874 1579 1565
38: 1555 1535 1528 1515
39: 1505 1487 1477 1474
40: 1465 1455 1454 1444
41: 1440 1430 1427 1423
42: 1418 1417 1410 1407
43: 1405 1398 1399 1397
44: 1380 1392 1391 1400
45: 1366 1418 1839 2170
46: 2195 2157 2197
47: 2171 2192 2164 2221
48: 2204 2002 2140 2264
49: 2289 2040 1993 1954
50: 1935 1907 2038
51: 1031 1042 1069 2046
52: 850 794
53: 760 732 711 689
54: 668 425
55: 423 421 423 422
56: 423 422 421 422
57: 423 424 424 425
58: 426 427 429 431
59:
60: 446 448
61: 450 453 458 461
62: 464 469
63:
64: 1016 1081
65: 1080 1091
66:
67: 1275
68: 766 966
69: 377 379 381 383
70: 384 385 387 389
71: 392 394 397 399
72: 402 405 409 412
73: 416 419 424 428
74: 432 437 442 447
75: 453 459 465 2759
76: 2666 2608 2551 2376
77: 2442 2410 2350 2314
78: 2294 2225 2182 2148
79: 2094 2061 2033 2087
80: 1996 1951 1921 1901
81: 1874 1856 1830 1813
82: 1795 1774 1761 1732
83: 1751 1713 1699 1687
84: 1675 1661 1644
85: 1636 1626 1616 1603
86: 1601 1591 1583 1165
87: 1160 1156 1157 1148
88: 1153 1150 1143
89: 1143 1141 1155 1156
0: 1138 1141 1145
1: 1148 1159 1163 1156
2: 1169 1158 1162 1168
3: 1173
4: 1202 1224 1212
5: 1230 1240 1243 1291
6: 1311 1319 1333 1344
7: 1358 1373 1387 1401
8: 1419 1437 1453
9:
10:
11: 882
12: 1148 1130
13: 1115 1103 1087 1075
14: 1062 1051 1040 1029
15: 1006 1000 984 977
16: 992 1013 1054
17: 4789
18: 4885 4718 4828
19:
20:
21: 4434 4709 4858 4957
22: 4819 4876 4850 4689
23: 3462
24: 3402 3433 3493
25:
26:
27: 3783 3657
28: 1387 1086 1042
29: 998 892 897
30: 912 920 924 935
31: 951 962
32: 1001 1010 1018 1030
33: 997 1017 1029 1038
34: 1061 1082 1106 1131
35: 1277 1302 1335 1172
36: 1168 1216 1314 1367
37: 1806 1866 1577 1565
38: 1551 1541 1524 1510
39: 1502 1483 1479 1476
40: 1466 1457 1451 1445
41: 1439 1431 1429 1424
42: 1416 1415 1410 1405
43: 1404 1399 1398 1399
44: 1382 1395 1393 1395
45: 1363 1418 1839 2176
46: 2195 2151 2187
47: 2193 2177 2167 2204
48: 2200 2000 2129 2261
49: 2286 2036 1985 1954
50: 1934 1907 2044
51: 1030 1042 1070 2122
52: 823 775
53: 745 727 707 687
54: 669 425
55: 424 422 422 422
56: 423 421 422 422
57: 423 424 424 425
58: 426 426 429 431
59:
60: 446 448
61: 451 454 458 461
62: 464 469
63:
64: 1013 1083
65: 1081 1091
66:
67: 1274
68: 765 967 375
69: 378 379 381 383
70: 384 385 387 389
71: 391 394 396 399
72: 402 405 409 412
73: 416 419 424 428
74: 432 437 442 448
75: 453 459 465 2757
76: 2667 2610 2551 2425
77: 2447 2410 2352 2312
78: 2266 2221 2150
79: 2098 2061 2030 2076
80: 1989 1949 1924 1899
81: 1874 1850 1826 1814
82: 1796 1775 1762 1739
83: 1753 1717 1703 1688
84: 1676 1661 1644
85: 1634 1625 1615 1607
86: 1602 1596 1588 1171
87: 1162 1160 1160 1146
88: 1154 1145 1142
89: 1140 1140 1150 1156
0: 1138 1141 1151 1150
1: 1148 1158 1168 1162
2: 1168 1160 1161 1170
3: 1176
4: 1200 1210 1221
5: 1234 1232 1239 1290
6: 1311 1319 1333 1346
7: 1356 1372 1386 1402
8: 1418 1437 1456
9:
10:
11: 882
12: 1150 1129
13: 1113 1102 1088 1074
14: 1062 1050 1039 1029
15: 1005 1001 984 977
16: 995 1013 1057
17: 4640
18: 4920 4841 4673
